Customer Id,Cost
fffe3400310033003300,282.33745145536426
fffe3600350035003400,273.1348444172598
fffe3700360030003500,209.6764537714591
fffe350038003600,197.06651953074373
fffe3500390032003500,289.3800691890486
fffe3900360034003300,310.0296950271594
fffe3200380034003700,359.97074713794666
fffe3900370035003200,997.5033919868168
fffe3100380039003200,543.9294810011138
fffe3300330036003800,167.03881997877795
fffe3600370030003400,926.3537520781489
fffe3500380034003200,222.2289589712593
fffe370035003600,157.94494013743318
fffe3100340039003800,459.42361650478585
fffe340030003700,22217.817980026903
fffe330038003700,263.37848385701477
fffe3500300032003000,1384.9527583413105
fffe390038003700,236.1978514183145
fffe3600390033003600,408.9056236440356
fffe3300380036003100,1493.5164444975553
fffe3200330032003100,140.49737337306993
fffe3900300037003900,2282.1433254663098
fffe3100350030003700,203.38900753792132
fffe3700360035003100,6546.515347414148
fffe350034003100,298.9240526952809
fffe3400380039003700,240.70804497879288
fffe3900320031003800,1279.504551038018
fffe3300360034003600,649.1587208496398
fffe3500370037003500,195.19866435622004
fffe34003500,486.9787923410145
fffe3800370030003500,271.46646989786177
fffe3300340035003800,216.2073551333632
fffe3700380033003100,180.70251494695543
fffe3200370034003600,156.7070431600122
fffe3200370033003500,4787.411229938783
fffe3100380039003700,196.72994877916383
fffe3100310035003300,34519.46851060416
fffe3100320031003700,244.32233312383187
fffe3700390034003600,229.3455254482629
fffe3200380033003000,178.77170437049688
fffe3500320034003800,1404.2718021908613
fffe3900390034003300,334.39613929831955
fffe3900350033003200,483.26143790288666
fffe3300350033003900,527.3732306014277
fffe3600330030003800,527.554174483827
fffe3600310032003000,170.1313395865161
fffe3700340036003800,285.9307854233252
fffe3800320037003500,238.1904410627185
fffe3200330037003000,178.09717338587217
fffe3100320035003500,164.20017795269987
fffe3300370033003000,285.40023536843
fffe3900360030003300,302.5140500224044
fffe3400340034003000,282.86754564390606
fffe3800300035003300,5464.745438575699
fffe3700340035003900,1447.591029523318
fffe3600340034003900,139.01619565818126
fffe310030003500,169.50553295441384
fffe3700310035003200,313.7760354431981
fffe3100330033003900,192.93348201345444
fffe3800330030003700,159.42497331631003
fffe3900370033003100,175.851035683034
fffe3500330036003400,88439.23152059613
fffe3700350036003200,2731.563495196383
fffe3500390037003700,147.3072168463574
fffe3200340034003300,6885.650008790361
fffe3300350032003200,320.7813578170466
fffe360034003500,181.62726751077665
fffe3900390030003600,1212.3686277911024
fffe3400350034003000,7915.783649986219
fffe3600360036003300,270.4912116816805
fffe3800350030003100,709.1589330483896
fffe3400300030003000,329.49484315574387
fffe3200390037003600,529.8627067274833
fffe3600350039003500,6418.324177946586
fffe3300350038003600,423.40563829574256
fffe3600350037003900,212.66427848739082
fffe3200360035003900,275.9581675331243
fffe3300360039003100,6127.039856536803
fffe3400370030003300,1946.3786611913088
fffe3400300031003600,420.73585788647586
fffe3900340034003000,267.1218738852285
fffe3700350038003900,519.4837134019141
fffe3300330032003800,182.37365004320372
fffe370039003600,258.8608593271706
fffe3400340036003300,245.14853736384475
fffe3900360034003400,218.01424931025423
fffe3900380037003700,2406.4307177184264
fffe3600360039003700,482.49883597201335
fffe3600340031003600,282.90970586103805
fffe3500370035003900,169.03783159928133
fffe3700330037003400,3197.0903608058416
fffe320037003400,793.8554838756158
fffe3500310034003800,582.0876925069291
fffe3700390039003200,2954.9706262535556
fffe3900390038003600,448.53445987508076
fffe3700380033003500,177.61297393738607
fffe3700320036003800,4080.9970417924314
fffe3300360034003100,18026.060371592648
fffe3700330038003400,423.79072291255954
fffe3800380033003400,242.82186603868772
fffe3200390030003300,385.6993077288754
fffe3900380035003200,414.11746849917284
fffe3600340031003100,216.28643807196926
fffe3200300036003200,1836.2421868613708
fffe370039003400,186.7704748191826
fffe3500390030003300,1998.5112935880616
fffe3700350030003700,434.0046466074816
fffe3100370035003500,298.5056737085383
fffe3900390038003100,229.96886593054023
fffe3300320031003900,1165.931715361574
fffe3500300030003500,160.41561097501318
fffe3800380031003200,205.89766679903516
fffe3400390034003200,334.7646031529936
fffe3200370037003200,171.51458091945375
fffe370039003800,1182.0615775783492
fffe3900360035003200,1712.2060689815476
fffe3600370039003800,161.54059210331366
fffe310037003900,23257.902938017112
fffe3700360039003200,519.4771243983013
fffe3700350035003200,237.88470059996462
fffe3300350035003000,208.21124948994486
fffe3400340034003900,630.8355464907128
fffe3700340038003600,243.65241944176228
fffe3200320033003500,264.55678750144114
fffe3600310035003800,176.12127938445212
fffe36003300,9955.745833067718
fffe3500310038003000,131.17290316536787
fffe3600360036003500,337.6234868321534
fffe3400300039003500,969.7501823406637
fffe3300370034003400,684.1504245376182
fffe380037003400,237.43417865580517
fffe3500380036003000,4680.717187657261
fffe3800360031003700,232.14698117307665
fffe370031003300,25054.332751175367
fffe3500350032003700,5706.4161793290305
fffe3400370035003100,207.48734255907516
fffe3800310033003400,207.6596766900514
fffe3800350031003600,5096.920279577351
fffe3700300032003200,173.75193941372586
fffe3400350036003400,4136.120537280747
fffe3300390034003200,424.61281689119767
fffe3700330030003300,223.82812262259398
fffe3100350038003600,4773.177726201851
fffe3900330030003100,309.1315631390781
fffe3400370033003200,3469.50161502789
fffe3800350031003900,2264.2666225770467
fffe3600360034003400,253.81468005769466
fffe3300380033003000,2314.850687035751
fffe3700330038003800,425.5368317705389
fffe3500340033003100,855.5904149166074
fffe3600380030003900,64152.19319062481
fffe380036003000,1204.0518934997128
fffe3800380034003300,165.63991196569884
fffe310034003100,248.20310979165276
fffe3500310036003700,32751.06359811825
fffe3700300039003400,556.5504682698315
fffe3800320037003400,569.4680008956408
fffe3600310034003600,2506.0488214354236
fffe3200320034003700,555.4825088626492
fffe3700330034003400,246.27514060405147
fffe3100300032003200,459.01353939901105
fffe3400340038003100,315.1751873870942
fffe350030003200,204.37947038857618
fffe3200340038003900,4694.185727531582
fffe340036003500,228.82241810247464
fffe3700310037003100,655.5733056458399
fffe3900360030003100,470.0155576400414
fffe3800310038003800,801.137614958247
fffe3500350039003900,747.7261540946075
fffe3100330039003800,184.20604014804354
fffe360034003400,265.19585571390917
fffe3300380030003500,430.2600706905367
fffe320036003600,202.64177912617686
fffe3900330038003700,248.36604778947066
fffe3400330031003500,4349.556870288221
fffe3800320033003000,143.76419339563964
fffe3200380039003600,177.45318178621636
fffe3200340032003500,507.8486439741811
fffe3700370036003500,17799.425407527062
fffe3200390030003500,1541.1346159005548
fffe3300390036003200,6128.88037626586
fffe3300380031003000,122.5128756586914
fffe380038003100,2498.475502070278
fffe3900370034003200,31691.9970904459
fffe3800340036003900,383.2334050258794
fffe330035003900,988.2282357359586
fffe3300370031003900,215.27644852851344
fffe3300330034003700,1230.4764993646074
fffe3400350030003500,221.85446272929096
fffe3400340039003300,161.18741403481386
fffe3200310033003300,1448.2543618502314
fffe3200310037003600,444.01057735548557
fffe3600330039003400,201.03165099671224
fffe3900320030003400,982.9843961322827
fffe3100310035003900,298.9914354353986
fffe3700340034003800,306.37612973186907
fffe3400350035003400,1602.6269392345898
fffe3600330033003700,22266.844637710765
fffe3400350030003900,371.11997976340115
fffe3300310038003500,404.43092403315416
fffe3100350035003700,358.4738881726325
fffe3600300037003100,130.00362353911154
fffe3600300033003300,273.5837954866955
fffe3600390035003600,131.78734577344596
fffe3800300032003800,190.82081938387321
fffe320034003200,280.81673802431067
fffe3700340031003000,382.9427684472946
fffe3100320031003100,598.4446506316041
fffe3600370035003300,190.38748058723945
fffe3500330039003500,1644.301882038411
fffe3500380031003100,8352.32934446595
fffe3900320035003900,608.0233692109409
fffe3600330036003100,501.2199947182124
fffe3200350033003600,35492.094915937254
fffe3600310030003200,1076.413300723285
fffe3200300037003000,219.66131215874418
fffe3500320034003300,258.42644931483176
fffe3800390031003200,2399.279469032983
fffe3700370034003400,593.2977894485715
fffe3100310036003500,173.50548137056245
fffe3500320036003600,258.4800805375725
fffe3900390037003300,657.3808034997426
fffe3600300031003200,549.583678760388
fffe3800330038003700,1493.705994681346
fffe320037003100,271.1142453085593
fffe3400350032003000,264.9693753073913
fffe3800330033003700,2625.0209151828512
fffe3400360035003800,212.4826564774109
fffe3800340038003900,195.65821948112347
fffe3500390038003800,638.656029615548
fffe3300310032003900,123.35147202550397
fffe3700370037003700,168.4808407305788
fffe3100310036003700,169.0711867319897
fffe3300390032003600,451.7487699855391
fffe3700370036003900,415.74131672797625
fffe3300350038003000,1067.591007072745
fffe310038003600,390.3463180071838
fffe3200300031003700,3792.3230940449184
fffe3800380031003300,220.7283368474715
fffe3900380038003400,4261.699558838513
fffe3500310036003500,297.89307405573055
fffe3300300039003700,198.95554638016125
fffe3900320035003100,213.62465233719735
fffe3800380034003100,512.053849509363
fffe3800300031003200,236.6133381989283
fffe3800300037003600,639.0219434969089
fffe3500380038003600,217.0636869014557
fffe3100310033003400,473.8119299201069
fffe370035003000,882.3648343062054
fffe3700370030003200,3543.4219352932646
fffe3800340038003500,906.398147220209
fffe3100320032003900,1036.0957079722086
fffe3600340034003700,427.6013235525271
fffe3300320039003300,1090.0215109341284
fffe350034003400,336.1698767810336
fffe3100340039003700,195.19469539854845
fffe330033003800,330.6927645197817
fffe3400350036003200,202.99065843990672
fffe3300380031003200,221.54968202923766
fffe3100360030003100,130.91443969357385
fffe3300370031003600,536.6702301567545
fffe3700300034003700,1811.1068836588381
fffe3900310031003600,884.8003055704015
fffe3500360037003100,183.67468149429337
fffe350039003400,355.5889015879119
fffe3600390038003200,1409.0808267229027
fffe3800360039003700,1788.4451790892062
fffe3600350033003300,229.82814153445685
fffe3900310031003500,474.70657198902313
fffe3500300035003600,436.37378848261693
fffe3800390031003300,20222.698877490868
fffe3100350035003600,1551.1949440337385
fffe3800390036003400,309.56980939342424
fffe3500320033003600,278.14100438038673
fffe3600370036003700,1066.5140542620547
fffe3700380037003500,1551.4580768306741
fffe3600390032003500,830.0967962303116
fffe3700340036003900,219.866402764891
fffe3200390035003700,284.0736815418192
fffe3900370032003500,257.930666327393
fffe3500300038003600,527.2291020300233
fffe3600330033003400,10483.025064398444
fffe330037003100,2914.2393312710724
fffe3400390037003200,2106.811558128765
fffe3800320036003400,42117.0599437396
fffe3800380038003500,3261.217899254944
fffe3200300039003800,1409.1817610252406
fffe3900320039003500,975.4643492887906
fffe3600340036003700,4203.897802482691
fffe3600350037003800,907.1909200972705
fffe3500300037003700,107977.61285222672
fffe3100380032003600,31264.87479241844
fffe380037003500,298.80708320134
fffe3100360034003900,115.37201169982586
fffe3700310036003500,799.5755359079959
fffe3400330035003200,56021.71497192701
fffe3300330032003200,217.435640833118
fffe3100300036003000,442.71713713874954
fffe3100390034003500,13426.849866680095
fffe3500370031003500,144.42757453453402
fffe3500330039003600,385.56716582247236
fffe3600350038003400,1060.8266275364756
fffe3200390032003100,315.6838565414252
fffe3600310031003100,143.41577171170394
fffe3700330031003900,187.5472129706361
fffe3700370033003300,258.6383719478741
fffe3300340038003000,336.1920197283009
fffe3100330037003300,251.67790370333293
fffe3800370030003700,424.12014945213065
fffe3300300037003600,191.62290456187358
fffe3800310036003800,318.74664745958177
fffe3200300033003200,899.5392835566237
fffe3800350030003600,307.8383164207496
fffe3800320039003200,251.66513816332272
fffe3100340030003100,133.77814010187862
fffe3500310032003000,5804.134839328999
fffe3200370033003900,179.76898289010865
fffe3300380032003900,11758.597773412745
fffe320031003400,202.60309242851625
fffe3300330038003200,264.13919435375567
fffe3900310032003200,347.5264645712931
fffe3800360039003400,3390.455928335793
fffe3500340038003800,391.1305727356256
fffe3200350033003700,531.0081439454946
fffe3400330038003300,611.523956390167
fffe3500310037003100,151.14078815989703
fffe3500370038003300,228.38859472312856
fffe3700330032003000,950.8086336029869
fffe3900380030003800,235.63899438631
fffe3100390037003700,376.258729189296
fffe3700300035003100,213.96539608697213
fffe3700310038003000,558.4879394587947
fffe3200380030003300,186.13356919085697
fffe3300370036003800,959.9115180401081
fffe3600340032003000,231.58850679418114
fffe3200310036003000,1330.860075525374
fffe3700300033003300,203.91013171056363
fffe320031003300,1176.3604835147892
fffe3100360034003800,348.9244269839209
fffe3400,359.78410229788767
fffe3700360030003400,2623.7773232461227
fffe3400300036003800,189.09016516705532
fffe3600310030003600,457.6805417335481
fffe3300310036003300,979.6153083620243
fffe3400390035003800,418.9358116129587
fffe3700320035003000,221.16193625721442
fffe3400340037003000,596.5268149504006
fffe3700380033003800,249.95208061792658
fffe350039003100,808.625809811896
fffe3400330038003700,7904.624659557117
fffe3700310030003500,206.9845062867247
fffe3100320038003000,843.201746370146
fffe3600360030003000,144.39086667525146
fffe3900330034003600,166.97975046553992
fffe320032003100,191.63322204615145
fffe3700370035003200,665.9535969989136
fffe3600340030003000,1976.3029598995192
fffe3300340033003700,173.13726828027234
fffe3300340033003900,242.6055002791182
fffe3700330031003400,197.93633411795977
fffe370033003700,401.3825996144216
fffe3700380032003500,181.04892573255046
fffe3700300034003800,178.7121533227592
fffe3900350034003400,3196.455143620987
fffe3500350033003200,4391.274053707656
fffe3500370037003400,1657.4691003798016
fffe3700320031003200,795.8814560875672
fffe3100390033003100,697.3960503316825
fffe3900340038003900,1247.4182840450603
fffe3500350038003600,23247.349120683928
fffe3100350037003300,386.88588829355854
fffe350031003400,168.9661971938166
fffe3600360031003100,415.945809656639
fffe3600360030003300,168.7572349086343
fffe3700350037003300,171.45202214573732
fffe3100310032003300,459.40502954631086
fffe3600310033003000,1349.5878775624453
fffe380033003300,152.36370937786324
fffe3600330031003000,451.6871002136444
fffe3900380034003400,232.90018243444075
fffe3600380039003900,2465.4174214539535
fffe3900340031003400,227.03814140031193
fffe3500350031003500,410.5826202743666
fffe3200390034003500,501.5095119198619
fffe3300320036003100,10439.26535255633
fffe3500370034003000,124.4637654654794
fffe3700350031003700,1874.3925246473104
fffe3300390032003800,575.2847216337711
fffe360038003500,492.9886905477558
fffe3900300037003100,339.37608794094535
fffe3900310031003700,1654.9580365402342
fffe3100320033003300,10214.903270242572
fffe3200320035003800,45476.92971054411
fffe3200360034003300,1315.9779208181644
fffe3600330031003300,381.4032243243395
fffe3900390035003600,347.14737755009435
fffe390032003600,776.9554681648399
fffe3600370037003900,126.51328391422268
fffe3700300031003600,1084.3943442344817
fffe3900340030003300,1186.0912858027425
fffe340032003700,201.41007843458635
fffe3600350035003200,282.9865937808504
fffe3700360036003000,569.6839507899306
fffe3800300036003100,207.41249670135733
fffe3400330037003400,808.5544471640287
fffe390038003600,4757.751703384777
fffe3300360035003000,1955.6885679593438
fffe380036003600,453.093556694198
fffe3400390036003200,245.27850191725685
fffe3300300030003800,1954.708995567976
fffe3800330039003100,397.4427407028643
fffe3400380030003000,134.42150614634764
fffe3800310036003900,228.28228334039386
fffe3500320038003700,170.75330226178733
fffe37003200,414.1766678038753
fffe3300370038003100,494.21650030881256
fffe3800380039003000,5817.138420069967
fffe3500340030003600,339.424021697399
fffe3700300039003300,21320.431552424947
fffe3800310034003100,211.22995889359646
fffe3500360038003000,497.4143125359581
fffe3800370036003100,268.2814026814386
fffe3700320032003600,251.76950398868104
fffe3800330033003400,1976.6871328285204
fffe3700320034003300,2424.759085354518
fffe3300330039003000,448.1022566958222
fffe3400300039003400,369.3596315854852
fffe3500360034003300,10788.011265430356
fffe3700350038003000,285.9316502744722
fffe3100310031003500,586.4536446197259
fffe3400330035003600,280.2125937723997
fffe3800300034003700,179.3654282627415
fffe3200300038003700,1085.0957623981442
fffe3500320037003300,1706.2705056567038
fffe3200300031003800,5294.758128886514
fffe3700360035003000,401.5128180802651
fffe3500330030003500,32027.25768702179
fffe3700300032003700,276.09750917786346
fffe3200320031003800,134947.92939155988
fffe3600390036003400,18116.731081967304
fffe3800320036003600,7682.604705888264
fffe390030003000,787.8914163616063
fffe380038003200,243.3803669705079
fffe3600320032003300,256.9859651599793
fffe3300350038003700,961.3178763493097
fffe3800380035003100,329.4102695277818
fffe3200310032003800,200.03557944330763
fffe3500350038003100,150.12556925088583
fffe3500350037003000,1712.1269848262828
fffe3900350037003300,167.69062604199348
fffe3400340032003800,4897.280245905146
fffe3700330036003100,835.3710389817498
fffe3800380032003400,579.563646831332
fffe3400380033003300,172.1977813131643
fffe3500390035003600,2306.9161011168644
fffe3200380039003700,1138.9393067483957
fffe380036003300,3853.272424709976
fffe320035003600,629.3671276677445
fffe3900370030003000,221.28467818037709
fffe3500350036003900,134.15848168342382
fffe3200340032003600,1488.5855360939283
fffe3500320031003200,584.8749151313776
fffe3400300035003500,339.29925626273604
fffe3800330032003800,2277.16163136235
fffe3400380030003700,160.15268240515982
fffe3100390035003600,409.39661308861173
fffe3400350034003500,2988.831970335686
fffe3300390033003800,502.8258723366912
fffe3100300038003900,463.9260714978134
fffe3200390037003900,193.543421080906
fffe3700350030003800,251.70182508789523
fffe3600370034003500,447.9578768347674
fffe3500350039003800,490.47319578898123
fffe3800300034003300,308.49586524136464
fffe3800370030003600,237.54980944482523
fffe3500360031003100,28777.934321981775
fffe3800390031003100,2250.4973052896303
fffe3500360031003800,288.34249437732814
fffe310038003300,759.4110763306156
fffe310035003900,640.845856240906
fffe350036003400,32009.78362563734
fffe3800390038003100,15064.83039301851
fffe3600300034003000,603.7157146188594
fffe3300380030003400,1033.6880739983003
fffe3800310033003900,484.8797004984967
fffe3400380032003200,3979.4999269554905
fffe3800310030003300,445064.7938292973
fffe3400330032003500,625.5720964499134
fffe3900370032003900,260.56168832593124
fffe3800330037003700,210.1228975834074
fffe320036003800,96119.71953436363
fffe3500380035003900,1052.7166012511852
fffe3200310036003700,2031.892070734417
fffe3400390030003800,1981.7399781450022
fffe3900340039003700,111167.54730573157
fffe3300360038003800,13180.813373112289
fffe3200390033003500,2623.9227201354474
fffe3600360034003500,198.85680175597048
fffe3600360031003300,211.15215455348633
fffe3700310033003500,160.95901559696023
fffe3900330037003100,128.46423087965928
fffe310032003100,878.8086333932765
fffe3800360034003500,184.56489871915142
fffe3100330034003300,281.1962805755009
fffe3900340038003200,412.61313608511625
fffe370032003200,776.5587901777055
fffe3300310030003500,475.4277751843998
fffe320036003700,137.63220963556563
fffe3500320037003900,234.7671700846243
fffe3400370031003400,7005.582469559304
fffe3900340037003100,826.0443069414287
fffe3300380035003200,1193.4729915956477
fffe390030003200,791.0795756407861
fffe3200360033003200,326.00251585452133
fffe3200340039003600,11609.211623128427
fffe3300300033003400,137.40410079950544
fffe38003800,167.16213670827003
fffe3600330031003400,548.1917376488528
fffe3700350038003800,1044.8301528240843
fffe3700340031003500,1673.3458381583587
fffe3700390037003100,13198.776368330939
fffe3200360035003700,2487.404317424931
fffe3500320037003000,127.8257985086141
fffe3800390038003400,547.4999230906153
fffe3200300031003400,510000.2899916589
fffe3500350038003800,127.70458857212822
fffe3500340031003900,779.1962341008933
fffe3600340038003300,3104.3756983154603
fffe3500310039003000,236.10353603865178
fffe3600390034003100,336.1627531139891
fffe3400330034003400,18410.76486777697
fffe350038003200,3548.60433892484
fffe3100360035003400,229.27364087025944
fffe310037003400,692.1087768110538
fffe3800340035003200,175.4600337524543
fffe3800360036003000,581.8650584870023
fffe3500340033003200,538.7775183696639
fffe3500330035003400,61237.00352416615
fffe3100310033003200,233.5446269222686
fffe3200330030003100,320.3372959456581
fffe3900320038003500,455.95576748902397
fffe3700310038003800,483.3182628512442
fffe3200380033003500,581.677848853228
fffe3100360035003500,1306.9825894729968
fffe3200360030003900,173.14393584911846
fffe3900360035003100,492.30340954658635
fffe3800340034003500,785.6739688564166
fffe3100370031003000,765.1997433115713
fffe3500320035003500,205.87560125474317
fffe3400360034003900,677.791405195249
fffe3900330037003300,49467.29656331096
fffe3300320039003800,278.33686928701707
fffe3700350030003500,811.961426481809
fffe3600380031003300,287.69677463585515
fffe3700360030003700,401.73945935686436
fffe3900350033003900,503.3195803958024
fffe3900350037003900,626.1306429296109
fffe3200390035003300,3819.151049713977
fffe3500380037003300,949.6359594945426
fffe3800300032003500,6596.388563302864
fffe3700360032003300,3036.6591922553844
fffe3900330034003300,311.54919806089026
fffe3200330039003200,187.80972641984073
fffe3300350037003600,508.51049301692717
fffe3100350038003100,140892.8222824942
fffe3200330038003100,151.55618663485575
fffe3700330038003200,119.15419422294048
fffe3700360033003800,1654.2469804425668
fffe3800370038003100,222.1838935698809
fffe3800340035003600,313.6949597342237
fffe3100370033003800,356.70684561756195
fffe3500300031003700,193.708741829597
fffe3500360039003700,158.2234114822924
fffe3500330031003500,232.7027397551726
fffe3500310035003000,196.26275496732973
fffe3700340034003000,227.2073943370758
fffe3600320036003000,173.70110736463795
fffe3800370033003300,266.8891262384286
fffe3400360031003400,138.9509622626659
fffe3300370037003300,1680.223692644243
fffe3200330030003400,495.5809028479283
fffe3600370037003100,449.27185441536585
fffe3100360036003100,522.1836696108701
fffe3200350035003300,182.74121091438863
fffe3400360033003600,1538.7356069042853
fffe3400390031003800,232.83317654359547
fffe3500370036003300,1732.9345352830794
fffe3300350032003400,808.1683529595487
fffe3700340038003700,756.4195843444606
fffe3700330037003100,192.30757542633268
fffe3600350031003800,15879.093005456481
fffe3800310033003700,655.2315939350699
fffe3200300038003500,214.8879515965017
fffe3300310032003200,291.2764947476825
fffe370032003000,104865.99024609583
fffe3900310034003600,132.41298068069597
fffe3100370032003900,169.28063586676808
fffe3200360031003100,2068.1480360901255
fffe370037003300,354.04685969273226
fffe340037003000,1911.0456072977504
fffe3100380035003700,2457.661507053472
fffe3100360031003700,113254.15878979856
fffe3600380030003700,9175.556017373036
fffe3600350030003500,167.4068136441695
fffe3600340030003900,233.92326987291506
fffe3800300034003800,5173.485261282654
fffe3500330031003800,461.91537176196425
fffe3600350030003400,444.6159154110651
fffe320031003100,167.54455072107396
fffe3100360030003900,37576.15563685777
fffe3400340036003000,482.5460677856651
fffe3800310032003700,388.78786223033717
fffe3400380038003600,1129.1934844438706
fffe360036003600,261.3637760402483
fffe390039003900,196.91209642908453
fffe3700380030003600,130.00309851637564
fffe3200340030003800,211.7218339618717
fffe3400310037003300,144.52033607097417
fffe3800390032003300,532.3971361046468
fffe3100340033003800,734.6861911545182
fffe3900390031003400,3765.548903485709
fffe3600350034003000,21464.528380428048
fffe3100360032003300,194.9235288369643
fffe3600390037003900,1469.9849145969606
fffe3700350036003300,315.4461295071726
fffe3400370030003800,132.61925213462993
fffe360032003600,213.84498586422882
fffe380037003800,173.96053041621494
fffe3700320039003200,712.2405159630976
fffe3800300030003600,1069.8196087505937
fffe3700390033003400,409.39260847663644
fffe3500370037003300,136.16889540044815
fffe3300330038003700,637.4520891096903
fffe3300310031003600,610.0250343341378
fffe3500370031003700,214.49166091810903
fffe3600330032003000,204.396237294493
fffe350038003700,466.8687432435871
fffe3700370033003400,927.3938112134532
fffe3900310032003100,780.730752663409
fffe3300300035003300,248.4944946942863
fffe3500350030003700,241.05447361317997
fffe3800300030003900,179.04762937551885
fffe320033003100,1184.8145078193015
fffe3300360030003600,127.97770986816144
fffe3400370039003600,262.14516044694426
fffe370036003300,4843.200668165511
fffe3500320031003600,159.6980169637389
fffe3300300031003400,295.71944761951966
fffe3100360036003600,147.63155721895254
fffe3200380039003300,3769.3409889196732
fffe3200380036003500,5664.835763768984
fffe3100360034003700,237.8130581734763
fffe35003900,3627.7091774580886
fffe3300380031003100,213.7108776254699
fffe3400300037003700,1019.6048753451054
fffe3100310039003900,988.5127611534379
fffe3200320034003400,141.8115204243386
fffe380034003400,134.0841258867134
fffe3900330033003300,1518.8112962014911
fffe3200310034003500,404.91461770991464
fffe3600330035003500,168.94792056665145
fffe3900380039003400,156.53010338695194
fffe3600310034003100,164.40881572962493
fffe3800360037003300,382.8310143987599
fffe3200380039003000,448.6935672427268
fffe3600320031003000,183.05391584814984
fffe3300360039003400,2368.8551761894464
fffe3400320032003400,221.28877989661393
fffe3600320034003000,247.5675252640109
fffe3100370039003700,197.36907196382793
fffe3300300032003100,1987.6986981944938
fffe3500380038003400,1557.9382142212391
fffe3400350036003500,133.22075969291816
fffe3800380034003900,587.8222378603936
fffe3600320030003800,143.81950636580137
fffe3500350030003900,342.80845124627774
fffe3500310038003500,377.657048778249
fffe3500320039003400,258.8529124449387
fffe3700340030003900,52362.60539158019
fffe3100390032003400,148.60462577193394
fffe3700330036003000,13975.015711292188
fffe3200320038003800,505.64830045678076
fffe3400300036003200,5623.720502712127
fffe3900360037003000,607.0580068339489
fffe3500350030003500,744.2364440373192
fffe3800390032003400,3713.1210337438774
fffe350036003300,746.20331476873
fffe3800370034003700,2186.1750086985203
fffe3100350036003700,480.3821388031996
fffe3600300030003600,3217.616674837732
fffe3600370031003700,1148.0856371639597
fffe3700320034003200,1261.0925991060549
fffe3500370034003200,2751.201572368418
fffe3300330039003300,506.3440107378736
fffe3600370039003100,450.0771654773497
fffe350030003400,186.72783546974892
fffe380033003900,132.94084609941643
fffe3200370038003000,230.85548545433682
fffe3600340031003000,470.18029850596764
fffe3700330037003500,178.4660198896193
fffe330039003600,2935.974172615657
fffe3300350033003700,873.4989295953467
fffe3500370039003100,210.49448982052422
fffe3100390032003800,235.54242554014536
fffe3900350030003700,243.84960840740868
fffe3300390036003600,329.78929044887104
fffe3700360039003700,602.1893957925977
fffe3700360037003100,494.60519386822506
fffe320030003200,310.65048561725246
fffe3400390035003900,139.42450956932834
fffe38003900,195.1088165691108
fffe3600370030003100,258.9910912702911
fffe3200370034003300,22357.01659624891
fffe3900370039003800,356.49868340275816
fffe3500320034003600,302.41316625570573
fffe3100330038003800,189.11695464269357
fffe3500300034003700,2712.2669355405324
fffe3700370039003300,567.1126951082499
fffe3900350036003900,422.36436194857043
fffe3300370034003700,1164.8355572542664
fffe390037003300,430.564610462058
fffe3100300031003900,242.30661574251087
fffe3600330039003500,316.0167167264986
fffe3200320037003800,750.5079429140994
fffe3400300030003200,288.6350161332144
fffe3800320033003500,307.36499278887106
fffe340032003500,523.690711148364
fffe3700340035003700,613.946547157153
fffe370037003700,313.65343519152896
fffe3600380031003900,236.42834195573124
fffe3100340031003600,1354.0409893994
fffe3400320038003600,629.5045448493996
fffe3700340032003100,2522.666418930031
fffe310039003500,172.16978127622258
fffe3500350030003600,191.21579748164996
fffe3400300035003200,1112.698482588725
fffe3300350039003200,278.2207732558395
fffe3100390030003400,4961.399594057351
fffe3300310039003300,607.0413370765085
fffe3400360032003400,533.9408497419062
fffe3400310032003900,188.2319486959284
fffe3500370035003600,219.31170729921593
fffe3800320039003600,122.28921558350135
fffe3800390039003300,182.83584748803756
fffe3600300036003100,237.35844277784457
fffe3900380035003700,1675.3249619690316
fffe3900350031003100,230.60300202813153
fffe31003800,602.3985736427273
fffe3700300035003500,241.10029812428562
fffe3700320033003000,209.3916882266489
fffe3700390031003400,202.9002160489095
fffe3500390030003400,312.1718905322685
fffe3600380039003800,144.37007863938334
fffe3100310038003100,214.4795769060323
fffe3500310031003100,208.05309499714633
fffe3500350034003100,238.27973289337626
fffe3200320039003100,176.3058000941084
fffe3300360039003300,1698.582824590467
fffe3500370033003600,384.23813200174425
fffe3900300035003100,173.06307629612525
fffe3900320032003000,208.8766778871437
fffe3700390030003200,180842.68591769697
fffe3800330036003400,279.89414546907676
fffe3900330037003900,1063.9305312636056
fffe3400300039003000,664.2427473831235
fffe3300370035003800,37103.563599690286
fffe3500390031003400,188.04116722394357
fffe3600300034003600,664.6589758245909
fffe3300300034003200,228.36059161931394
fffe3900330038003200,2301.4170067855316
fffe3200370031003600,191.16687799503072
fffe3700370033003800,209.2115556717509
fffe3300340034003200,958.687831611645
fffe3500390037003600,195.52754114940024
fffe3300310036003600,612.1801256521226
fffe3100340034003300,162.7534188279973
fffe3400350034003200,20366.86236064654
fffe3500380031003600,636.0180999953876
fffe3300340030003000,614.3292840039686
fffe350038003300,557.2545220348251
fffe3700320039003100,1313.9613448821983
fffe3200350033003300,1326.843611396242
fffe3500300038003400,165.58019857548925
fffe3500370035003300,169.0425512780291
fffe3900350038003700,1845.7415739941457
fffe3100360033003300,188.21208877226448
fffe3200340033003400,1706.1755011051048
fffe3700300031003700,31544.15167750081
fffe3800360033003300,211.4087431101416
fffe3200340033003200,449.15511015548714
fffe3900370039003900,610.1448464579155
fffe3300360038003900,520.6776366951348
fffe3100320036003000,418.11481071062383
fffe3600300035003000,554.9834385062521
fffe3200380032003700,963.2156145932948
fffe3600380030003600,463.1606798102578
fffe3100320030003200,1739.0853683703267
fffe3900390033003400,343.72052260279634
fffe3800340032003300,162.6923890663481
fffe3500330037003400,1276.9867930710316
fffe3300390033003200,103620.05113559787
fffe3700370030003000,468.038666721153
fffe3400350034003400,283.0992213220153
fffe3700300030003400,8658.157815490493
fffe3700340034003200,12524.21552143692
fffe320035003100,875.8238465644515
fffe310035003000,775.7987984104373
fffe3700340033003200,241.91707265043704
fffe3300330033003800,464.0281817279066
fffe3900350038003200,38465.43366303068
fffe3600310030003500,254.79786976866222
fffe3100310038003200,234.8684825715885
fffe3600340031003200,393.23637457770656
fffe3200310032003700,800.4992670760771
fffe3400380036003200,504.6392036954852
fffe3900370038003700,218.36486893005264
fffe3100350032003900,694.0711843967711
fffe3700350030003900,4851.809589103631
fffe3100340032003700,14646.991937441519
fffe3100380032003400,253.09777995957182
fffe3500330038003300,225.3623266873843
fffe3700310031003400,784.5477419527529
fffe3500380034003800,453.9115922946853
fffe3500300031003400,967.0055230971087
fffe3800350035003700,235.43534173035823
fffe3100370033003500,220.14124524143477
fffe3200370035003800,238.63071796378057
fffe3300330030003700,316.312636404935
fffe3900350036003800,11099.12376797836
fffe3600300036003200,198.3900627790375
fffe37003000,1089.6712067769895
fffe3600360035003700,137.48606279056503
fffe3600380034003500,642.8369618722177
fffe3100370035003000,308.6424489655588
fffe3200320032003100,454.7007374894704
fffe3400330037003900,253.4762302857926
fffe3100370036003900,144.37645958976015
fffe380032003700,573.7778958039972
fffe34003300,3092.562545131576
fffe3400350032003600,136.98305622997867
fffe3600300035003100,207.4525069276461
fffe330037003400,151.37624884176864
fffe3100320039003800,451.28598302310735
fffe3700390033003300,667.4289740630132
fffe3900340032003000,6723.489536274399
fffe3700360032003700,113.34415060152786
fffe3300340033003600,555.8924820053667
fffe3800380035003200,410.7409452913032
fffe3800360039003500,286.62799760097164
fffe3100310039003500,497.9214562901236
fffe3200360035003000,639.1216344904702
fffe3100320039003100,240.83000509742914
fffe3700370034003200,981.877981060868
fffe3500390033003800,148.7438178655101
fffe3200360032003600,211.7189951572422
fffe3100320031003000,1071.9792264091634
fffe340034003800,279.0309645645334
fffe340030003100,681.4861520903717
fffe3100350033003900,1193.7722536713627
fffe3300300036003400,539.6646391821739
fffe3800370036003000,1931.2022887546204
fffe3200340032003400,2670.634784272369
fffe3700300031003400,278.63790253512974
fffe3300320031003800,31194.058100953735
fffe3400360032003700,298.7879769937944
fffe3700340036003100,188.63120630686723
fffe3900370034003400,1630.223258119404
fffe3500380038003500,1468.202546609798
fffe3200380037003300,173.70983516592122
fffe320031003800,2118.5613793974358
fffe3700350032003200,477.9956852264941
fffe3900310037003300,799.2816816139291
fffe3300320037003700,230.59626402474655
fffe3900380035003800,203.2482568570803
fffe3700340033003000,456.8745914560167
fffe3900330033003500,3930.310180658269
fffe3300360035003300,213.1462546399463
fffe3700320031003600,317.4288650244107
fffe3800390033003100,185.09216059013022
fffe390034003800,229.1178958238904
fffe3500320033003800,608.4996564874526
fffe320036003100,503.9596640656591
fffe3300300037003800,223.2570633924401
fffe3600390036003700,182.5054059630677
fffe330033003700,1451.814551525729
fffe3700340038003300,1262.1711358163493
fffe3600370037003600,182293.57146863634
fffe3500350038003400,273.86331345655583
fffe3300330034003600,180.568686998181
fffe3900330036003800,229.2885475573525
fffe3400310039003700,183.51562589325735
fffe3200310031003500,1020.6252493067142
fffe3400370034003900,359.62282510303703
fffe3800350036003100,203.65350562710324
fffe380039003400,576.4696129150249
fffe3600360033003300,632.0421433677903
fffe3800310030003500,387.5673660685525
fffe3200380034003100,171.67870339351794
fffe3900390035003900,197.67511348091543
fffe3300390030003800,236421.65064367082
fffe360035003000,256.60744319729054
fffe3500300030003800,8181.187289191246
fffe3300300033003500,523.4852155831262
fffe3700350035003300,946.2513510702488
fffe3800390035003500,429.21085384471206
fffe3400330032003300,3644.308076664423
fffe3800370035003900,843.047574191473
fffe3400350037003600,152.05940008991857
fffe3200360039003200,215.7657556556822
fffe3500310035003500,1154.2828736331658
fffe3300350037003900,674.9251084824712
fffe360030003100,309.24394766441185
fffe3700370038003900,639.62038667503
fffe3500380035003400,1360.5411438921783
fffe3500330035003000,294.7767821513534
fffe3100320038003100,187.7512609089129
fffe3700390033003700,15470.359265825075
fffe3800320036003900,256.435951747737
fffe3700370031003900,965.3973301524975
fffe3500340037003100,407.0527407174501
fffe3700310035003600,267.32693659934694
fffe390035003500,166.91785494159743
fffe3300350036003000,1386.1926029835133
fffe3800330033003500,952.2702479283828
fffe3700300031003300,1087.1337415574424
fffe3800390033003300,456.71255865410546
fffe3500390038003000,280.5955627579014
fffe3200360039003000,3807.0748675946943
fffe3600320034003100,116.70979045156211
fffe3900310035003800,1036.5179682615492
fffe310035003800,2868.728603581955
fffe3900320039003400,774.9108924968058
fffe3500330034003600,129.97792323542973
fffe3200380038003200,145.70825800574846
fffe3400300030003600,2069.1711972998764
fffe3100300034003100,1156.3773095624467
fffe3500370033003200,525.0511329496152
fffe3900350031003500,524.8836171023579
fffe3100380036003800,278.70241658169726
fffe3100330039003400,1238.66885626224
fffe3500380039003700,625.0933063658781
fffe3400390035003200,11829.092608477107
fffe3400330033003000,162.1032197763308
fffe3100350033003500,224.3068407895347
fffe3200310030003800,276.4330351029801
fffe3900380039003800,169.86355286224892
fffe350033003800,197.03226824440404
fffe3200310038003500,1461.599685928273
fffe3700380039003000,469.3191444767725
fffe3200320039003600,2111.098531285977
fffe3300370031003200,1043.7968201771334
fffe3300360034003500,2700.196509022372
fffe3100350030003100,208.05648446095003
fffe3100360039003100,419.0953275781428
fffe330038003800,282.7557942892939
fffe3200300038003300,455.7584863716621
fffe3400350035003800,176.28553118493477
fffe3900350035003600,202.6371788769389
fffe3600330034003500,691.6978606580891
fffe3600390031003100,425.2365232601134
fffe360035003500,223.21082410129407
fffe380038003800,292.1827132550153
fffe3100380032003500,233.9994838750572
fffe3500320035003700,294.2261455415571
fffe3900340036003700,204.03197538590177
fffe3100330035003800,452.5194623260909
fffe3500300038003100,152.64592380397482
fffe3100350031003400,621.2549816402077
fffe3800320038003900,122972.31707052073
fffe3900340031003000,136.2030871636088
fffe310035003500,183.44351788471124
fffe3200360038003000,453.3056094888785
fffe34003700,327.8459755646822
fffe3200370037003100,165.0730844880378
fffe340031003100,1480.5517256993894
fffe3100340037003900,508.6211091773778
fffe3800350033003900,795.3981331659231
fffe3900330035003000,3891.1688079899523
fffe3500340031003300,273.54290590669973
fffe3800390033003800,427.09060981955884
fffe3700330035003300,4690.228309430727
fffe3400370035003600,111.23067298286138
fffe3700300038003700,1552.78217995404
fffe3900300035003900,137.58446842683685
fffe3300370039003600,234.46091511659648
fffe3800300034003100,514.0185633665515
fffe3800360030003100,383.7594088710673
fffe3200380034003500,5626.838988258682
fffe3700380035003500,5105.729091904349
fffe33003100,205.1535077908133
fffe3100360035003200,57011.82762544378
fffe3100330031003100,6779.838974267969
fffe3800370033003700,3948.9896206347003
fffe3400330037003300,959.0336508933415
fffe3700390033003800,222.3508139031204
fffe390035003100,232.98631098802173
fffe3100330031003800,621.978406530838
fffe3100330030003800,122.27975099657954
fffe3500390038003600,809.1302581869453
fffe3300310034003300,202.94267934685945
fffe3400330032003200,179.68349801969066
fffe3900330032003700,566.4701709195709
fffe3600380037003100,484.611367933629
fffe3700320033003100,204.81228740716094
fffe3200310039003400,128.47687454114322
fffe3800390031003900,343.27066276831914
fffe3100370038003400,263.22214316022826
fffe360033003400,257.25904385095987
fffe3400320038003000,257.4782994686921
fffe3600360035003900,169.22184984104553
fffe3300330034003100,1590.8208632783244
fffe3300350037003100,132.09190545651398
fffe3800350037003000,38235.237885837996
fffe390031003600,62528.00966183553
fffe3500360033003200,286.0839987156269
fffe3800300035003200,305.81897970804994
fffe3100390036003700,221.5987611062439
fffe3900360030003900,451.27085975351747
fffe3700310037003400,244.56720473899827
fffe3500390033003600,497.5435636229115
fffe3500300032003400,415.3761316171966
fffe3400380036003700,561.5738409441774
fffe3400390034003400,750.4803731061014
fffe3500310035003800,624.2178549051654
fffe3500340030003400,2206.3767824788715
fffe3600390030003100,1166.7018382629346
fffe3400330034003600,150.85327768729627
fffe3100360033003900,370.28284908688903
fffe3300380035003500,2316.560631538335
fffe3400340039003700,204.26607071662448
fffe3900330033003800,6871.747403102539
fffe3200330030003800,260.72714022152655
fffe3700350032003000,4604.398830687217
fffe3600320035003900,498.7560962867263
fffe3400330034003200,208.52560491021967
fffe3600380039003100,185.43571900826288
fffe39003900,445.0257426242648
fffe3900340036003400,290.3872369433125
fffe3400390030003100,256.7972970222293
fffe3700310039003800,176.04554033182293
fffe3900370035003600,136.09499583692036
fffe3100320035003300,1013.1233300229931
fffe3300350034003100,171.5045669581312
fffe3900370036003700,588.1676765946278
fffe360033003100,597.3418534195832
fffe3700380038003800,31302.1968477111
fffe3500380033003600,165.58159057162976
fffe3900360034003900,479.79963199255945
fffe3300380038003300,575.7046527675534
fffe3100380037003700,43601.766844645834
fffe3300320030003600,4833.818018970339
fffe3900350032003900,386.6101964362474
fffe3600370032003200,143.8344191461624
fffe3500300038003500,271.8368930393497
fffe3100340038003800,540.7000666744203
fffe3700310030003200,2750.954788903464
fffe3200310035003500,3205.3367276589465
fffe3400320033003600,786.5489709797434
fffe3900330034003400,156.7245283110446
fffe3500350033003600,145.84940603663284
fffe3800310033003300,132.0705269227256
fffe3700360034003500,199.90271661722005
fffe3700340037003900,338.073543481652
fffe3700320030003700,1768.8207968599595
fffe3800320037003200,209.5736860927942
fffe3200380032003500,5317.388117154695
fffe3100300039003400,182.691460153598
fffe3400370038003500,2786.21539560538
fffe3800360037003100,453.8830901016409
fffe38003200,647.4625443973041
fffe3800320039003900,248.30078076474695
fffe3800370039003900,179.82257504102134
fffe3800320037003600,406.29186814322077
fffe3400380034003800,143.04521293805468
fffe3400340033003300,676.1383309508203
fffe3200300030003300,122.42051781599875
fffe3600370037003800,139.23218555169115
fffe3400310035003700,1534.9259463375633
fffe3100360031003900,1115.2564021064459
fffe3200350037003700,621.7866020624864
fffe3200370038003700,210.8382318223462
fffe3400350037003900,135.4438340771293
fffe3300340031003900,17026.846831331946
fffe3400330037003800,681.1749307245034
fffe3400380031003200,435.8619990275148
fffe3300300030003000,827.7258223373459
fffe3700300036003400,429.44875588180935
fffe3700310038003500,3760.401255918373
fffe3500310038003600,547.4398867829635
fffe3800390036003300,686.012933436186
fffe3800330035003700,352.846580585551
fffe320033003400,135.82548801388873
fffe3400390039003300,394.30517837972667
fffe3100370035003600,2154.9492321840917
fffe3100390034003000,258.47955389406314
fffe3200370038003500,485.709355717716
fffe3700340039003100,2516.35820027983
fffe3200330037003100,497.1375687512691
fffe3300340034003800,859.8437339551766
fffe3400300038003100,201.7266329917932
fffe3500320033003900,209.47156917584263
fffe3500340030003000,14373.87843143336
fffe3100310034003400,391.70588459883027
fffe3400390038003300,672.4247183653285
fffe3900310033003800,68419.84808073699
fffe3800360031003300,348.9178048511034
fffe3600380033003100,374.00214256939284
fffe3200360032003900,200.55255456894227
fffe3500370030003900,159.535722529867
fffe3200340035003600,420.0697741951767
fffe3900370039003500,696.4147687854979
fffe3900320037003900,170.91496761638896
fffe3500350033003700,29117.475677664
fffe3400360038003000,234.23083820880848
fffe360036003700,8130.403520083253
fffe3400390034003900,177.18756689529488
fffe3200370036003500,985.6003218496369
fffe3300310030003900,260.99309222225384
fffe3100390036003200,1952.1291552984517
fffe3700380036003100,453.70981649908975
fffe3600300031003500,189.1034571206929
fffe3700300035003000,166.3722680314463
fffe3800300031003100,1445.4399914742162
fffe3700350034003700,146.3951188301732
fffe3200330033003700,263.96475253349456
fffe3200330033003900,242.8730892092582
fffe3500380031003200,8570.415846788572
fffe3500350030003100,182.1908136825904
fffe3600380035003300,134.80889360304576
fffe3200350032003500,532.3758832514645
fffe3500330035003500,1772.7801038967627
fffe3700310038003100,139.49435775294464
fffe3700310036003700,229.56510081562834
fffe3300370038003300,260.3203116992348
fffe3200320034003200,254.2778682726997
fffe3400300037003300,1058.2228176026495
fffe3300360039003000,2064.1223241135617
fffe3100380039003300,168.3288842234395
fffe3600320034003400,128.3549694477765
fffe3900390039003200,1665.0750727018622
fffe3400350036003100,25542.105524040366
fffe3200300033003000,1490.4557618508697
fffe3300390032003000,34086.362210752515
fffe3500340035003700,2916.596100061621
fffe3200380039003900,857.6736711844867
fffe3600330030003400,211.5817954722471
fffe3600360034003200,450.40318527285126
fffe3500300034003000,260.93794591966815
fffe3400330039003800,291.8995774449856
fffe3500390039003600,267.19376312583364
fffe3200310038003800,384.6080738498772
fffe3600300030003200,623.0862998049162
fffe3200390036003200,180.1493296550193
fffe390033003900,487.61588194153865
fffe3700370038003000,96284.61822328522
fffe3800350038003900,833.2296008239989
fffe3500320034003200,1157.1042520366716
fffe3900300032003300,459.0075194147792
fffe3200390030003100,4965.730162165004
fffe3300370035003900,4098.012512312671
fffe3700360034003300,173.80644789290974
fffe3900370037003700,170.82448308889735
fffe3600350038003000,853.5232488804638
fffe3900360031003700,393.91061477010606
fffe370038003200,1039.408815836131
fffe3300330031003100,132.33559435384058
fffe3800360031003100,219.1992092449876
fffe3800380039003900,164.23118671411459
fffe3800320038003600,411.3467476034738
fffe3300320032003500,847.7940125589466
fffe310038003700,626.3122696002138
fffe3600310037003500,190.45570402796824
fffe3300380030003300,158.87666845232283
fffe3900360031003400,5071.637678788146
fffe3700330037003200,472.8870167778417
fffe3700320038003200,609.797763589073
fffe3500370036003500,611.6748712939652
fffe3700390036003200,6394.630078722252
fffe3100300035003600,2971.9339584113304
fffe3900340038003800,173.63022644765695
fffe3600350039003800,176.4452457306332
fffe3600320030003000,524.9852880601342
fffe3600300031003700,306.38380534428654
fffe3300320031003500,38275.35885969705
fffe3700340038003900,1988.939622823043
fffe3400360032003600,660.6012297203108
fffe3300380037003700,222.6847355430539
fffe3100350035003000,151.48329748903177
fffe3600320039003000,962.914717246659
fffe3700330031003800,2182.060721574328
fffe3600340033003800,404.5454907914775
fffe330035003600,1084.7074675778376
fffe3700380037003000,566.2325084912652
fffe3700350037003800,150.5528156500262
fffe3700390037003400,419.93960798439025
fffe3300350034003900,41096.5810623234
fffe390038003800,263.1099734965077
fffe3400320036003800,1229.0474927040943
fffe3300330032003500,171.4296630800788
fffe3800380031003500,139.22990296242924
fffe3400350039003100,222.51503178567893
fffe310036003100,12636.606379023298
fffe3900390039003000,428.0325107359277
fffe3300360033003200,1271.9644214509653
fffe3800380033003800,171.89393074994092
fffe3500340038003300,300.10814770964214
fffe3500370031003300,164.34436279594598
fffe3400300034003700,1970.754853948597
fffe3700360037003800,2060.9512690689785
fffe3800340038003400,15346.58911114682
fffe3700330036003900,625.9589020591877
fffe3900310037003400,598.7293738460326
fffe3300370030003300,60941.06329276625
fffe350039003500,436.7018052279912
fffe3300360037003800,205.969022549851
fffe3500380035003300,5777.845627836534
fffe3800320030003000,481.81886347703187
fffe3100350032003700,275.5592308678351
fffe370033003900,239.83404240268786
fffe3200320031003900,2085.007566001483
fffe3400350031003300,157.9252135526092
fffe3200370032003500,3912.216508357623
fffe3600340032003500,511.37641671849843
fffe3800380038003200,225.10602901514147
fffe3500390035003900,1241.2213141107586
fffe3400390036003800,410.3325886513043
fffe3800350036003000,1061.0829832381517
fffe3900370030003900,212.53252459852848
fffe3200350036003600,9612.453518186952
fffe3800350032003100,1064.3968602075602
fffe3900340037003800,400.49388933877367
fffe3400340039003400,1258.482344555683
fffe3700390038003200,419.55216751511887
fffe3200380034003200,753.0565740771021
fffe3800380030003100,2349.647920831033
fffe370037003800,396.8801813863546
fffe3700330032003400,153.33824152143723
fffe3700300030003700,319.9947859417253
fffe3200390030003000,175.52194309779577
fffe3400320036003400,577.4881118782371
fffe3700390038003700,409.76112688415316
fffe3400300037003800,360.62635026706096
fffe3800300035003400,197.02536396402735
fffe3400370037003300,169.18703850106772
fffe3600390032003300,625.7403457036612
fffe3700340033003600,1069.854272338701
fffe3900390038003400,208.4559959160364
fffe3800330037003800,1133.0832913399015
fffe3400330036003500,862.7002037362887
fffe350037003400,213.6058718238691
fffe3200360034003700,192.55677705399975
fffe3700320034003700,11262.59042543689
fffe3200300038003900,430.51893593145417
fffe3100370032003600,1227.0632550211271
fffe3400340034003400,290.68821664500615
fffe320038003200,252.0771599553928
fffe3900360034003000,208.76218450177885
fffe3700370037003400,1123.0642396636056
fffe320035003400,1188.9735892250737
fffe3500390030003900,826.7162327923518
fffe3700300034003300,29757.700480872634
fffe3300380032003600,426.59941053470925
fffe3400390039003400,461.33557145871885
fffe3500380038003700,4491.651671535971
fffe3200360037003300,195.87966623040847
fffe3700320038003400,182.12877549893471
fffe3900310036003600,347.5501058254389
fffe3300340037003200,196.0293026643987
fffe3600360037003300,274.8240824598013
fffe3300340030003100,459.0140163622556
fffe3800320034003700,442.5852462913613
fffe3100360037003700,1276.9990570528362
fffe3900360038003200,526.974412781866
fffe3900370031003400,1092.9795514096802
fffe3300390036003900,210.18399436096317
fffe3400350031003500,18046.952226430294
fffe3900320032003800,218.07050808075968
fffe3200360031003300,3435.3575121750173
fffe3200370032003900,533.6621529933332
fffe3300300038003500,200.47246321738135
fffe3400330034003700,1854.9568579297159
fffe320035003000,606.5198367752819
fffe3100390034003300,553.6647504667723
fffe3300310034003200,490.95322273526153
fffe3900300033003200,338.3476792505929
fffe3700390039003300,138.88345533229983
fffe350033003000,1674.3732777266728
fffe3700320031003500,245.90915207787842
fffe3300320030003300,645.3712719457591
fffe3800310036003500,644.77794714953
fffe3400370036003100,12093.017966322182
fffe390033003500,57554.09135157695
fffe3100390034003400,247.75986166787672
fffe3400390038003400,158.68301368186786
fffe3300300035003700,8231.794775704486
fffe3200340035003400,960.1572334365826
fffe3800310033003200,252.5987659952528
fffe3300350037003300,332.826060491151
fffe3900330039003800,5153.560999313991
fffe3400370035003900,66928.3573593044
fffe3200380039003400,792.8266561739297
fffe3900380037003000,220.6419487348013
fffe3400310039003900,1039.4119977821706
fffe370039003500,158.00940968832816
fffe3100330037003600,647.6221022709788
fffe3700330037003600,160.8890928716547
fffe3800330035003600,14059.993337398219
fffe3100390038003400,215.18331555304724
fffe3700360039003000,735.5934883047248
fffe3100310032003800,586.0070905079609
fffe3100390034003800,16239.323061100778
fffe380032003900,149.00879831230063
fffe3300380039003300,12474.878931861153
fffe3500320036003700,190.53874261627914
fffe3800310036003000,214.2317114709043
fffe3400340038003700,135.7791195845715
fffe36003500,241.78798751080308
fffe3800360030003300,522.5009771312212
fffe3600340036003800,502.11677756758354
fffe3500360035003500,282.9003347953455
fffe3100380030003400,1127.502302768212
fffe3300310035003400,179.26418911010896
fffe3200340031003800,372.82278840638685
fffe350030003300,175.82298937656725
fffe3100300037003900,39572.94351796093
fffe3100340036003200,191.71737164985993
fffe3200320036003700,205.7384854420509
fffe370035003900,296.50740040700936
fffe3700310034003800,154.28677291651235
fffe3400370031003100,165.1966798604316
fffe3600380034003700,283.20646421166407
fffe3700370037003300,195.81423641594236
fffe3500370032003500,1029.2478673779901
fffe3500340037003800,171.84142276911697
fffe3600380033003900,4683.5105856204245
fffe3700340035003200,3443.0944093012636
fffe3900330034003700,405.65691901263574
fffe3300360036003900,226.3183897956188
fffe3600340030003300,152.0434303397185
fffe3200310031003400,1353.337335655801
fffe3100390032003100,8489.660996402297
fffe3200330033003800,254.76143765617388
fffe3700330034003500,332.96808737638094
fffe3200360033003700,215.15658302219236
fffe3100340033003100,190.44966024754945
fffe3300360037003400,291.991222632788
fffe3300360035003600,21723.187872402454
fffe3200350038003400,183.77351020213365
fffe3200320032003200,369.3563888283902
fffe3500330036003700,263.7495266919619
fffe3300360036003300,186.03854731748214
fffe3300360033003500,4179.159273677528
fffe330038003000,671.4465732506121
fffe3700360039003600,8890.892234801808
fffe3800320037003300,237.3458966997774
fffe3100330038003200,508.5150121468571
fffe3700310032003200,130.2857810666576
fffe320037003500,313.656297872337
fffe3600300037003700,202.61485441252438
fffe3500360030003200,1801.904496214011
fffe340031003500,695.4775407631931
fffe3100300036003800,195.0590723238069
fffe3100390035003100,494.7957065406723
fffe3100350034003700,211.29059826733703
fffe3500320032003900,263.717086574533
fffe380036003200,264.94823574825915
fffe3800300037003500,2971.60014531371
fffe3800370038003500,293.4124903543628
fffe3300340037003900,5491.534193914496
fffe3500320039003500,3691.9465946156865
fffe3500360038003900,21191.2900222476
fffe3900370035003400,282.56805013065633
fffe3400330031003100,888.4615420968698
fffe3300360031003400,211.0159539280237
fffe3500360034003600,26482.66207715342
fffe3100350037003700,285.2355072098403
fffe3300330039003700,2756.097221482727
fffe3400370037003600,28211.367213008456
fffe3200370032003100,213.70509132755686
fffe340030003600,297.6066300808956
fffe3300300036003000,3103.9585232917652
fffe3500350039003100,184.97914127844808
fffe3300340034003700,539.8823476275448
fffe3600350038003200,352.4136386881571
fffe3900310032003500,352.3615784784149
fffe3900350039003200,5526.453238282031
fffe340034003400,79807.8507545142
fffe3700300030003800,464.68923652858155
fffe3300360031003100,1289.4832572869673
fffe3600300032003300,499.1734500443141
fffe3100390036003900,225.30887514169098
fffe3300340030003200,2471.489212028603
fffe3500390032003400,153.40293718690995
fffe3800350038003700,1396.373202924602
fffe3300310039003000,4201.804515230449
fffe330036003100,308.23749134378266
fffe3800370039003000,589.9071878022934
fffe3500320030003600,417.31784393025066
fffe3700370036003000,579.3028136741138
fffe3600340030003200,155.731686004158
fffe3600340037003000,223.0615048172732
fffe3600350032003600,985.7243553314457
fffe3900310033003900,226.64864198296263
fffe3900390035003500,221.74979030039714
fffe3600330031003600,229.00910608951642
fffe3200350035003800,6315.768442633448
fffe3500330030003600,7722.136319961964
fffe3900350039003000,139.83731052097886
fffe3200360032003300,981.0966619800608
fffe3200300034003800,613.6977244458205
fffe3900320038003600,565.3925981302319
fffe3500320033003000,163.0131584728689
fffe350032003000,178.08613942057656
fffe31003900,424.68276218972846
fffe3500340035003300,632.7922432227599
fffe3700380033003000,224.7240240347059
fffe3100380038003200,743.747081093948
fffe3700310034003700,806.3299923316797
fffe3300360030003700,74928.99043706701
fffe3800360032003900,134.38145527068448
fffe3400360034003700,723.0870130569414
fffe3700320036003300,415.2592129069198
fffe3200300037003500,3281.833407865378
fffe3300320033003400,284.91745512437234
fffe3900300039003500,76849.87682961815
fffe3300360035003100,15272.264819914148
fffe3700350033003400,772.5954116508789
fffe3900350030003000,575.7823711153012
fffe310037003100,312.48323622233255
fffe3400340035003500,2154.6172265888626
fffe340039003400,1072.0863936467665
fffe3200390038003700,771.8745645649822
fffe3100300039003900,218.07671513176592
fffe3800320034003600,169.67678924041525
fffe3200350030003000,1441.1710671193546
fffe3900310034003300,170.39562113335802
fffe3900390034003700,3240.449391084556
fffe3700360030003800,285.36760057548224
fffe3300330035003700,873.376733107805
fffe3900320039003100,1676.919946450525
fffe3100300033003300,1176.574451681095
fffe320032003300,2393.2313392482924
fffe3900350035003200,162.5041167777581
fffe3300320031003000,223.0129263642463
fffe3400330034003300,970200.9192274155
fffe3400300038003900,206.18899648402288
fffe3300370034003600,546.5328610503635
fffe3700360033003500,714.5647338608925
fffe3400390039003100,2602.7055865086036
fffe3400340035003000,148.85735704684404
fffe3400310034003600,242.38451687812162
fffe3200330034003700,141.44003444820285
fffe330036003000,522.8273733591705
fffe3100340038003100,267.31427654014254
fffe3900370037003400,610.4579588560953
fffe3100320037003700,145.3807838165181
fffe320039003400,777.3454979433639
fffe3600310031003600,713.9632722645555
fffe3600360036003800,499.2360479745099
fffe3800390039003000,174.4503930707342
fffe3800370032003300,140.82912123879558
fffe3300390030003500,830.1116567392884
fffe3200380033003700,780.9867823582289
fffe3300310035003900,454130.6126956576
fffe3400310035003300,330.30281037823215
fffe3700370038003200,326.65402363591306
fffe3700380034003000,486.32326445856756
fffe3200350036003000,2404.3740359806175
fffe3400330031003900,440.99564105280785
fffe3900320033003700,402.12939243570537
fffe3300330037003100,161.95599312395257
fffe3500380030003000,1861.9131118034081
fffe3300310032003500,326.8028344345954
fffe3700330036003800,224.33597930514242
fffe3100350035003900,386.1682661278244
fffe3400390033003600,1312.2470655679163
fffe3700320037003200,5030.960447572317
fffe390036003700,342.6332602421539
fffe3300380035003300,185.6048306161759
fffe3200310033003800,6009.011457795002
fffe3600390035003400,519.8422589167507
fffe3700390030003700,250.29391037577727
fffe3500380038003000,50860.0569556294
fffe3500340034003600,303017.2326349568
fffe3800350032003000,303.21898850555226
fffe3100350037003100,8748.364681847375
fffe3500370036003900,6439.462504788344
fffe3400370037003400,800.6603778682068
fffe3400320037003200,234.561791826069
fffe3600340038003100,181.83427947882217
fffe3400370039003300,289.7585169396385
fffe3300390037003000,300.2258992807646
fffe3900330030003400,262.5570282136707
fffe3400320031003000,350.4695624420384
fffe310031003800,486.8916374167216
fffe3200310036003500,2455.3762195111553
fffe3300330039003100,260.8457685265612
fffe3400340035003800,5069.168071639939
fffe3600370038003500,316.4144335201301
fffe3500340039003700,1507.323972215152
fffe370033003100,253.92079194837555
fffe310030003600,509.577471476882
fffe3600360033003800,171.38515682739424
fffe3400350037003400,158.59483468921024
fffe3100370031003200,190.62745766322018
fffe3100310039003100,554.2050887148101
fffe360037003900,3954.931341527484
fffe3400310033003200,329.33977097817177
fffe3900390038003500,151.34481881249854
fffe3600330032003300,322.3399390799219
fffe3600380031003200,51895.13950709367
fffe3500310036003800,260.84777611937216
fffe3700350035003800,140.40153652254753
fffe330031003700,6773.118165101002
fffe3200380035003300,1682.569293325906
fffe380034003000,600.9132434447256
fffe330033003500,583.1084085748665
fffe3100390039003900,746.5068574189643
fffe3500380036003100,10265.081738452405
fffe3800340039003000,118.34134171379961
fffe3100370038003600,1366.7830913729695
fffe3400390032003700,517.138761506405
fffe3900380037003400,1632.0012141970974
fffe3700330038003600,6132.196423079069
fffe3900370037003500,34543.04640801556
fffe3700330039003900,248.94156107189673
fffe3800330038003400,18623.057381215047
fffe3600360030003600,222.32224460193083
fffe3100310038003600,5833.896433414733
fffe3800300035003800,210.58076787209114
fffe3300350034003200,167.01564318593054
fffe3600380032003800,9115.479068609828
fffe3700380031003800,3215.381622567782
fffe3200320038003000,152.0120707455803
fffe340032003200,207.68586564559408
fffe3100320036003500,22557.239595094572
fffe3600350039003900,681.788499237376
fffe3900380038003600,263.60718656608753
fffe3900380031003000,3418.061238127311
fffe390035003600,554.4858116506247
fffe3300370033003200,581.3924547242966
fffe3500340036003600,165.5097865322676
fffe3800330031003400,215.53613496826713
fffe3700350033003100,158.82256042764357
fffe3800320038003700,349.90163580063233
fffe3300370032003000,288.9938119752371
fffe3600360032003200,207.7097087560624
fffe3800390036003500,989.3979107682537
fffe390039003100,136.27080590130387
fffe3600310030003700,305.6830220557393
fffe340037003200,608.7456844106706
fffe3100330037003500,297.70600877495633
fffe3100360031003800,184.14049155691959
fffe3200340036003300,499.6599043192731
fffe3400310039003300,6413.376915606356
fffe3300300038003900,5322.300319486458
fffe3100310033003700,328.30388626922183
fffe3100360039003000,181.91968683057462
fffe3200390034003100,220.2393142820395
fffe3100330033003600,284.57301463826445
fffe3300350037003400,185.63572195469965
fffe360032003800,344.6521722052597
fffe380036003700,870.2003026666932
fffe3800300032003600,720.7596828577903
fffe3600380031003000,121.75478311569196
fffe3300330038003500,309.1725339466243
fffe3700340032003200,781.5535216846076
fffe3300370037003700,461.40174261985896
fffe3500370035003700,6535.080578164509
fffe360036003900,734.6078250010958
fffe3100390037003900,1644.6584908116931
fffe3500370037003200,198.48112211033975
fffe3400340032003000,1173.2895956763782
fffe3100370037003300,859.5971671723013
fffe3500320035003000,373.1349708439735
fffe3500340036003500,500.0209482830611
fffe3300350036003200,5335.971148004867
fffe3400330038003100,435.89175457295005
fffe3200370031003900,328.11699192025765
fffe3900380031003200,878.4692596161198
fffe3800340032003900,42345.899677472604
fffe3900390032003200,224.382567324133
fffe360032003000,538.5487418980849
fffe3300330033003900,134.53330384721727
fffe380039003000,613.0611881648351
fffe3500300037003800,310.5168393916413
fffe3700370032003600,204.47743102958913
fffe3100380032003100,268.3451854870355
fffe3700320032003100,209.17618065102323
fffe3700340038003500,289.9939372808373
fffe3700370039003600,117739.63321126094
fffe3200340030003000,1222.588211263793
fffe3800330035003300,365.7764247359098
fffe3300330032003000,1018.7426892452172
fffe3200350037003100,723.3308188336212
fffe3700330033003200,130.22460392003927
fffe3600310038003800,352.8494575492378
fffe3300300031003000,221.0091472639037
fffe3800300039003100,406.91914697308425
fffe3800380036003000,528.6243279304756
fffe3700300031003800,263.29362782577147
fffe3100320031003400,150.89403366605904
fffe3700380037003900,124.727673546782
fffe3700350030003300,827.6558482052922
fffe3500320035003100,172.07825365045008
fffe3100390033003000,324.769219800378
fffe3500390035003000,246.43261196015723
fffe3900340030003500,25483.728038937636
fffe320031003900,280.5487514102651
fffe3400370037003500,294.47097404947397
fffe310036003700,306.81511174339
fffe3600300039003000,186.56209574157398
fffe3600310038003000,412.3946375768228
fffe3600330038003100,5572.6512923214905
fffe3400300033003400,1620.4221564538711
fffe3800360038003000,178.0874840516725
fffe3300300033003300,605.2534406987829
fffe3500310031003800,735.4910843498482
fffe3300360032003800,752.0369543006865
fffe3900390036003900,1332.0803074407027
fffe3600380033003000,237.7132035208919
fffe3900380033003900,596.3635733788408
fffe3900340035003500,249.30828141062585
fffe3100330030003600,514.7908507684572
fffe3600320031003400,165.5844672491637
fffe3900320034003200,125.85906229720223
fffe3300350036003300,64950.367722011964
fffe3100310038003300,381.2742997735438
fffe3100370032003100,4428.457548806731
fffe3500370036003400,470.6021159972423
fffe3100340034003200,199.0338836746401
fffe3600380030003100,879.7412616801313
fffe3400380037003500,193.4730189405007
fffe3400350032003500,492.3596428249085
fffe3100390034003900,512.4884227637267
fffe3600380032003000,11465.52045778191
fffe360032003200,253.44153172735062
fffe3800380038003700,675.3323566709992
fffe3200330034003200,5044.81960508978
fffe390035003800,199.66701860920284
fffe3800310039003800,249781.18903312582
fffe3600320035003500,1135.8834674699228
fffe3200350033003800,275.52875078161594
fffe3300380038003200,1177.5140639807773
fffe3400310037003200,693.1186459898482
fffe3400300039003900,1618.292236736112
fffe3800310039003200,897.3216238431582
fffe3400360038003700,208.9667809784482
fffe3800340035003400,261.37875981402146
fffe3600320038003000,1015.0846201413713
fffe3300350038003900,717.2183381215998
fffe3100370035003900,1778.1609238153296
fffe3800300033003800,260.7261596462358
fffe3700380034003800,432.3668791295569
fffe3300350031003300,706.1025068952736
fffe3900320038003000,188.4073868994468
fffe370036003600,3543.9298639171852
fffe3700370034003100,270.85207913754783
fffe3500370032003800,188.87611774367502
fffe3800320035003300,201.775729072565
fffe3300360030003500,531.0404081318447
fffe3700310039003900,30069.659614296586
fffe3900340035003000,158.5620746541206
fffe3900390036003600,183.47420811256387
fffe3800370037003800,784.7040120417506
fffe3400330036003900,53763.90199207978
fffe3800370032003000,226.4265734042572
fffe3200330034003500,188.39318151664128
fffe3800390031003800,201.86354473379947
fffe3300310039003600,689.9244047418167
fffe34003600,370.74324127633395
fffe3900370038003500,376.42405563877355
fffe3200370031003800,336.7630531501195
fffe3200380031003200,12735.374535686255
fffe3100390038003800,263.8834707197088
fffe3800340039003300,180.4723391256199
fffe3200380036003900,85977.29306307876
fffe3900390033003200,1216.8216704989277
fffe3100340036003100,584.528917953016
fffe3600320030003300,313.7546417356525
fffe3400310031003300,919.5888864428317
fffe3200330031003600,427.19605447053715
fffe3700300035003300,915.4528701058679
fffe3300320038003500,166.01128733704718
fffe3100390035003400,386.50082255040365
fffe3800340031003900,335.4491301574385
fffe3100300038003200,214.2871837299448
fffe3700320039003700,1815.3300806084812
fffe3900390035003000,185.75650585108752
fffe3300300032003700,1873.4142055796783
fffe3500350036003300,1326.8125324147295
fffe3100320036003900,204.39851412267268
fffe3300360032003500,564.116048966423
fffe360031003500,1869.649490081586
fffe3500350033003500,208.95640964196377
fffe3300370035003400,970.4251006261046
fffe390038003500,3696.5775021217232
fffe3300370038003800,2319.284189469348
fffe3100310031003600,367.30061473841806
fffe3300390034003600,494.30047933022036
fffe330039003200,801.6218226729516
fffe3500300032003200,197.70593194420863
fffe3900370031003500,365.4430074348247
fffe3400340030003200,189.6769976022053
fffe3400380032003900,236.15039240680602
fffe3400380037003300,1318.551499384977
fffe3100320032003000,13090.081341581776
fffe3900360034003500,574.5854277464007
fffe3100350038003800,487.9794818335784
fffe3500320039003100,176.66754798543982
fffe3700370035003600,156.7386104470525
fffe3700310039003100,159.96149602130868
fffe3500320035003600,115.74557357937435
fffe3900300033003900,9115.790721140562
fffe3300340031003400,160.2498535717957
fffe3700360034003000,214.270714388066
fffe3500340039003200,598.4385298429136
fffe3400350036003800,279.84334266495534
fffe3100330032003900,327.8907407107124
fffe3500360038003600,1062.2325046205247
fffe340032003000,31553.960714084675
fffe380031003800,6215.729564134614
fffe3500380032003400,253.93918199618992
fffe3100370039003900,405.2329940765469
fffe3700330035003500,404.01049013717756
fffe3600320031003700,167.59900132523177
fffe3300340030003400,842659.1948457031
fffe3400330030003500,127547.59057894094
fffe3200380032003800,5219.771606808673
fffe3400340038003900,777.6402932009822
fffe3100310034003200,471.8112183215869
fffe3800360037003700,1700.7813883886035
fffe3200320038003900,1077.2119301246594
fffe390037003800,1743.8156436544932
fffe3600370033003300,250.43385612713882
fffe3900390033003300,237.4699889108925
fffe3200340033003900,5201.660972105695
fffe3500370031003200,181.71006444487176
fffe3800380033003300,290.7243891698373
fffe3600340032003600,229.6066390862424
fffe3800310037003000,162.33870051323007
fffe3700360037003700,3212.058111309094
fffe3200360035003800,17283.326825157274
fffe3500370031003000,206.78052550469778
fffe3400350034003700,627.969416334806
fffe3200300036003400,623.0537392252538
fffe3800350034003800,207.2245017137144
fffe3500340035003000,265.8473566306008
fffe3500340030003700,188.17244955698447
fffe3300340032003000,1110.187965592353
fffe3800370036003900,198.17796693687302
fffe390033003600,269.20579242950146
fffe3800330036003200,394.3768765953034
fffe3500350034003400,305.30527620468996
fffe3200350039003000,1322.482298541186
fffe3100320033003700,252.54200541797582
fffe3900320039003000,269.4350113387483
fffe3200380033003800,269.3179293255368
fffe3800390034003000,168.79990266408578
fffe3600370039003900,527.9963274541199
fffe3100370035003200,203.82359131099741
fffe3400370030003900,214.8658518633539
fffe3500380033003100,136.83506717942703
fffe3700340037003000,298.95013342546633
fffe3700320033003900,143.69226386469524
fffe3800320035003800,1580.9710678848714
fffe3500370038003400,192.2754823818496
fffe3500380030003400,2796.8850535773117
fffe3800330037003500,1868.0381013963129
fffe3500320037003400,3581.016304016381
fffe3400310033003500,210.78808829005396
fffe3500360039003200,154.69560377734126
fffe3800350030003800,179.46935660882448
fffe320039003900,208.24728466064707
fffe3800350031003400,3364.4628396480903
fffe3400370030003400,3319.6320793868817
fffe3800350035003400,320.31523001697224
fffe3700360035003600,208.89376014503566
fffe3500360035003300,401.014585466511
fffe3200390033003700,172.1367922799738
fffe3500340037003600,156.71902431029804
fffe360036003400,578.0389651715791
fffe3300300038003200,309.7547138355954
fffe3900330037003200,1666.060037807179
fffe3800330036003700,788.7979862670982
fffe3600310037003800,846.2984594805132
fffe3500330031003200,1393.6389509967867
fffe3400390035003500,1316.2122771280335
fffe3300330031003400,34215.96931398506
fffe3300300034003900,458.45907572450346
fffe3400390036003600,336.14555016754946
fffe3800370037003900,204.36684881051696
fffe3100320038003900,440.1198295572056
fffe3500370039003500,745.2758526937062
fffe3100360032003100,243.29329509954272
fffe3500360031003600,189.83840798998483
fffe3100310031003400,1031.1750206617048
fffe3600330039003300,491.1757582796257
fffe3600320033003800,307.47513860111957
fffe3100370034003300,171.236895867995
fffe3900330032003200,554.4967262164414
fffe3800300039003200,1791.69733743308
fffe3200350030003300,189.59125523710387
fffe3100300035003500,267.404446413157
fffe3400340031003600,146.07634096930192
fffe3400390032003800,248.5265053480225
fffe3900330035003400,623.2626462518788
fffe3700380034003200,158536.91911266308
fffe3500310038003400,1125.2594224014963
fffe3700330037003900,157.36164687656296
fffe39003000,833.4156928742555
fffe3100300035003800,140.5996649322626
fffe3900360039003000,890.6529928438667
fffe3100340033003700,186.89944218053583
fffe3800310031003000,3649.91667428522
fffe3600360030003100,166.2803514942657
fffe3600320030003600,301.90942029641127
fffe3600320039003800,5734.466145104727
fffe3900360037003600,147.32074742327376
fffe3200340032003300,242.13772124356018
fffe3800300038003200,3008.4178993344735
fffe3300380036003300,550.2371178171705
fffe310039003000,192.9550999319552
fffe380030003000,142.3833041989952
fffe3700300035003900,265.5628428417649
fffe3400310030003800,404.4332456763307
fffe3700390032003200,208.182856691695
fffe3900340032003600,127.0816552511163
fffe3300310031003500,3664.500090942256
fffe3200320030003500,474.18175745002804
fffe3700360031003000,564.3208766973382
fffe310036003800,354.943456632833
fffe3700310033003900,783.4101848526786
fffe3200300035003100,610.372616956721
fffe3900390038003800,1003.6201417160285
fffe3200330030003200,365.7516740404361
fffe3700370031003800,734.676645733947
fffe3200350035003600,8919.125451818181
fffe3500330031003000,167.4618068412296
fffe3400340038003400,1602.594389061073
fffe3100300033003100,610.7025166294637
fffe3700360034003800,873.4079351508116
fffe3600310034003300,214.5670915982738
fffe3100360035003700,253.75224476258146
fffe3600300034003800,229.16625468448038
fffe3200340038003200,3275.799157086829
fffe3400370033003300,131.75959037782158
fffe3700300034003100,310.19636306265886
fffe3200340034003100,597.1151630674384
fffe3800320033003700,126.1875501770143
fffe3500380037003200,392.8878522268238
fffe3700330038003100,5023.376637211418
fffe3700330030003500,164.23720649778966
fffe3200380033003300,962.7622087203083
fffe3200370038003900,3964.191527645668
fffe380035003500,1086.7449025238195
fffe3400330039003600,472.5030319059897
fffe3700370034003000,504.9989229909002
fffe350037003100,3385.470317280009
fffe3900380037003200,228.6865167710224
fffe3200310039003200,1590.021713660436
fffe3300300032003300,762.1137654384413
fffe3700300032003800,180.09296658859432
fffe3600340036003000,273.43579283230133
fffe3900300036003700,12450.876362177489
fffe3500360032003200,576.8563837147395
fffe3900330037003600,199.3404924503702
fffe32003700,1698.6459036310675
fffe3200380033003100,136.01532458621168
fffe3400300036003100,5596.146528282623
fffe3300300035003200,304.0132611872266
fffe3900320030003600,180.9801501178914
fffe31003400,775.3267872392682
fffe3800320033003400,627.0310022383197
fffe3100330039003100,163.61503822507763
fffe3800350035003300,428.8363016443401
fffe3300390032003700,711.4998466860487
fffe3700370034003900,195.35324158983207
fffe3800340036003000,615.8144579551173
fffe3500330035003100,204.41054017563613
fffe3900320039003200,115.45422625533293
fffe3400350033003500,167.04894758764345
fffe3900350032003000,215.34115268221603
fffe3800390037003600,406082.7366246662
fffe35003300,460.416704911386
fffe3300370032003300,143.70493433468056
fffe3100390032003000,330.7829167494183
fffe3200390038003800,153.00778903084196
fffe3800370034003300,169.1631575059698
fffe3300380038003000,1049.9449928496147
fffe3300350037003800,4687.021323345373
fffe3400380038003000,186.53941609840518
fffe3800360038003100,407.23258162341
fffe3500360033003000,268.37314691954145
fffe3800310031003300,644.2186641028056
fffe3600300033003700,516.6723006764647
fffe3600370036003200,1022.7056880637276
fffe3400390033003800,657.1424506504395
fffe3900350039003100,217.2172505020542
fffe3600360031003600,4572.712335259495
fffe320034003900,525.1799887758071
fffe36003400,162.15292905025473
fffe3400330039003500,6413.337273296952
fffe3600390031003700,324.1934835227845
fffe3100350033003700,742.6906525742518
fffe3300340039003800,297.3728942042362
fffe3600300035003500,1363.6774271969077
fffe3800390039003500,213.1088455614984
fffe3900350038003900,196.44495487400974
fffe3600320038003900,151.39850685454724
fffe3500340036003400,2434.873825359919
fffe3700390035003300,218.95790704726815
fffe3500330031003400,242.83918059461712
fffe3800370035003400,284.4332027044056
fffe3100310033003100,428.60427975285575
fffe3300360030003800,459.858367856956
fffe3800340034003200,426.84013900694674
fffe3800320037003000,130.1616463341468
fffe3100370030003400,309.42748382142133
fffe3600380034003100,273.7930808158189
fffe3200330030003000,9313.51787859434
fffe3500340033003300,3184.0891028621627
fffe3300310033003700,192.97914672487758
fffe3700370039003200,317.9386766663552
fffe3300370033003800,362.8139981654649
fffe3300360039003800,518.151234026244
fffe3500370039003300,139.4462158019661
fffe3100310035003500,945.1030036485446
fffe360034003800,148.0130130970687
fffe33003500,202.2439224290009
fffe3300320039003500,247.80024120518556
fffe3800380037003500,524.2824530966584
fffe3600370033003400,740.4658102349958
fffe3700390030003500,317.7924038098483
fffe3100350032003100,256.57315470205054
fffe3800390036003700,420.14424361609724
fffe3300350039003300,214.38009793661806
fffe3200350034003000,34351.46072211568
fffe3300350033003600,526.4753201801797
fffe3700380035003000,614.4391548570435
fffe3300330030003600,628.8011495083898
fffe3600370035003700,323.73603048987536
fffe310030003300,100230.79656817179
fffe3200310031003600,379.87182600790675
fffe3700300038003000,1664.2440283047729
fffe3300340036003500,166.02230336283807
fffe3300350032003600,586.9235488917967
fffe3800360035003900,667.4900127716044
fffe3300330030003400,1177.8423322764588
fffe380037003900,1139.681786967678
fffe3500310033003600,368.54646944767245
fffe3100330036003700,1386.0186428055194
fffe3300350039003500,49146.18637374577
fffe3900390030003500,3537.6605747327694
fffe3200350030003900,345.1370524775466
fffe320035003200,1080.784187053883
fffe3100340037003100,468.97802568222676
fffe3800340035003300,303.90394919300894
fffe3400330039003400,435.1605470532055
fffe3400320039003400,336.4476174014625
fffe3700330036003500,346.00386762221007
fffe360034003600,345.9724369293824
fffe3300300031003300,220.54876919628072
fffe3700300038003400,8084.683317350384
fffe3300340033003300,534.5387198330354
fffe3700340039003600,291.42239360478
fffe310034003400,7675.083358764609
fffe3300340031003500,292.3943826587483
fffe3900310036003500,299.56965235015537
fffe3500300036003200,238.64444951594777
fffe3500350038003900,1392.4080755198067
fffe3300370037003800,260.89722684034575
fffe3300320030003000,131.36209520980347
fffe3600320032003000,165.16703266772714
fffe3200390036003100,1184.94905270452
fffe3300340037003700,529.6284438440467
fffe3800330032003700,763.7735952131632
fffe3900350035003800,16867.39747003947
fffe3200330033003300,449.15969994840447
fffe3300380038003400,132.61942651693244
fffe3800340037003700,141.1508982382546
fffe380033003700,187.00729027343846
fffe370032003700,68931.43841173481
fffe3700390037003500,185.7680398487395
fffe3400330039003200,259.693191482353
fffe3300310034003100,626.42536845123
fffe3300360032003100,608.4467578851807
fffe3500330034003100,3849.6243312815977
fffe3800300038003900,48371.19887725664
fffe3400320030003900,533.6125665846953
fffe3900380031003700,2697.8920693572586
fffe3200380036003200,539.2961274008527
fffe380030003400,352.38074525247146
fffe3500350037003900,710.924214036316
fffe3100390031003700,157.367245368869
fffe310039003400,1874.397215850969
fffe3700350030003100,742.0217435485673
fffe3200390035003000,223612.7350886708
fffe3900380034003300,435.79698460827194
fffe3200300032003600,407.3863008428249
fffe3400360034003400,1042.8731357008887
fffe3200330039003100,387.58633323411664
fffe3600310036003300,13383.573304462941
fffe3800360037003900,425.5902407648932
fffe3600390034003500,155.37364841766245
fffe3900370030003600,1857.7861477990236
fffe3500390030003100,357.3127703543884
fffe3800350036003300,220.9719238114567
fffe3400320036003200,2113.9701493457887
fffe3800320038003300,199.44133806424713
fffe3500390037003400,58486.174224440794
fffe3400340030003100,604.3274191012722
fffe3900310038003800,192.04515190515332
fffe3800390039003400,2558.3416784250667
fffe3300350035003600,1110.7560212116014
fffe3500390034003600,1677.962126898868
fffe3700380039003500,183.86327908385988
fffe3200320034003000,210.78758412020886
fffe3200300037003800,308.3257130006896
fffe3100380034003000,111151.85663353729
fffe3400370033003600,542.2985239984607
fffe3700390031003600,609.168692609637
fffe3600380034003000,11472.42529699485
fffe3300360032003300,312.5694012628278
fffe3400370032003100,3109.982438381867
fffe3300320035003300,1079.168062658178
fffe3100340032003600,556.7366854658586
fffe3600340033003500,903.836563189517
fffe3500340036003000,149.66900944505582
fffe3900340034003900,922.6817971684145
fffe3400370032003300,175.09007253845573
fffe3500360032003300,190.19872679087965
fffe3600390033003700,403.7656286919316
fffe3500360036003400,1142.2549844757466
fffe3400330038003600,491.6391859774503
fffe3700390035003700,224.75463855221807
fffe3700340034003700,937.6045685456044
fffe3300320032003200,284.48581569163997
fffe3600390036003900,4684.5503933149885
fffe3600350037003700,166.17443637162776
fffe3300350032003100,1230.5896498563134
fffe3400310039003600,555.9468846473985
fffe3100370033003300,766.6767219643799
fffe3700360032003100,44826.96843807269
fffe340038003300,850.399160666103
fffe3800390035003200,247.14928038168316
fffe3600330033003100,6395.384257110502
fffe3800340030003800,384.9130687959248
fffe3500330031003600,177.04745041239113
fffe3100300032003300,295.8785251337967
fffe3400350035003200,19270.54784454807
fffe3300300033003900,251.2560689700655
fffe3300370039003000,619.252442857838
fffe340036003000,4715.533161047566
fffe3200310032003600,217.46366840051104
fffe3200390031003400,176.01383699345462
fffe3200320035003900,182.97278572349288
fffe3600370039003000,283.8288248896205
fffe3900350032003400,185.80885021404077
fffe3900360031003900,1015.724980678651
fffe3200300033003100,1647.9981414814017
fffe3400340032003100,189.8346561653306
fffe3300300032003900,1200.826234585989
fffe3200360039003600,169.09667090376368
fffe350034003200,246.36399468456494
fffe3500360034003400,295.4313876230328
fffe3100300030003600,272.1309614747355
fffe3100320037003900,1665.4662422778401
fffe3300320039003000,121.38796969180078
fffe370034003200,782.3792657726776
fffe3500300037003600,876713.2348870088
fffe3900310030003100,159.4815365356001
fffe380030003800,193.17743100322974
fffe3100340035003700,290.87639615358785
fffe3500330034003500,237.82250278549282
fffe3300370035003300,461.9982374911969
fffe3400370033003900,175.6675777093072
fffe3800300030003400,8422.199945824526
fffe3800320036003200,439.4303918603495
fffe3100380039003000,11192.76851330093
fffe3300390034003500,51111.846925888654
fffe3900330035003600,71363.91179968313
fffe3200380038003600,329.9586623040983
fffe3300390039003300,661.2668480308347
fffe3400320033003200,176.36705309768837
fffe3500380033003900,110732.77609930557
fffe3700330032003800,282.8316332401459
fffe3400390037003300,284.18097469237887
fffe3500340037003400,227.206425945793
fffe3500380037003600,228.66720315108745
fffe3100380031003900,147.10120561634704
fffe3500370038003700,617.2303536984627
fffe3500370031003600,207.11195088111816
fffe3400310036003100,376.72589388399297
fffe3600320030003900,688.1971211942373
fffe3600300038003400,148.63368404270773
fffe3400350031003800,471.575507678854
fffe3200350031003200,30097.545318116863
fffe3200340035003900,10600.34016860987
fffe3100350037003200,242.85631004081608
fffe3400340033003700,128.18225108011927
fffe3300340039003400,1940.563116594794
fffe3700350038003200,488.00946725979964
fffe3200340033003300,182.46852687010013
fffe3500370037003100,121.23560808921121
fffe3600370030003200,226.4082986547595
fffe3300300032003800,218.5111485267331
fffe3200380035003500,1667.2025251862015
fffe3400370031003700,247.60101703866647
fffe3500330031003300,2842.7636398526647
fffe3700370033003100,230.23904067684464
fffe3800380032003100,174.98694765223814
fffe3600320036003600,457.9386112127241
fffe3800340036003200,291.1087923024122
fffe350031003200,18160.515522607933
fffe3400380035003900,153.72671555951098
fffe3900380031003900,1222.1800497521774
fffe3800350035003600,38610.608082292834
fffe320037003900,364.673520958009
fffe3800360032003400,457.13244671751676
fffe3500340032003200,164.99755233798683
fffe3100390037003800,139.63414538517125
fffe3900320036003200,135.11211004573252
fffe3700360033003000,689.1350146084706
fffe3100360032003400,725.7692309248192
fffe3600390038003900,370.447871127297
fffe3400320036003600,547.4623721430223
fffe3900360039003600,347.6880943081618
fffe3900380033003300,5153.105149123994
fffe3400390032003400,212.4609572342934
fffe390035003700,9053.701690685992
fffe370031003900,1297.7038249535556
fffe3800390035003600,330.10111367269104
fffe3800330039003200,2634.8861417540766
fffe390034003400,417.4657700198251
fffe3800380032003300,357.77402288885196
fffe3500330033003200,721.7836330313846
fffe3700320037003700,916.1457995969326
fffe3800350039003800,1081.7203565836844
fffe3700360036003600,1816.8697992419438
fffe3600360032003500,972.4925795823235
fffe3600300031003600,209.1341955923073
fffe3600300032003000,834.8656545214797
fffe3400340030003600,195.80887589636143
fffe3900300036003800,339.63493430754954
fffe3400350035003600,272.5359651506303
fffe3300310038003400,214.9140726366607
fffe340036003100,652.6859902192133
fffe3100350036003200,535.3516300135691
fffe3600320036003100,869.9160889327438
fffe3100340035003600,101448.4015906583
fffe380034003200,698.0028656318273
fffe3100390033003300,136.91943765908124
fffe3900360037003900,627.6292240668124
fffe3400350032003300,145.33109788884386
fffe3900390033003100,160.71685015706063
fffe3400320035003300,358.128428641289
fffe3100380039003400,24150.73111547323
fffe3200350031003500,152.35602096427365
fffe3900360033003700,167.01675920240245
fffe3300350037003000,185.44305574999703
fffe3700380035003900,632.649166404035
fffe3400380039003400,3031.3264259850043
fffe3100330034003800,216.07954718276562
fffe3700380032003300,180.4437199471236
fffe3100390034003100,561.9738182874926
fffe3500360033003700,135.68280193729765
fffe3800300038003800,253.5750577332995
fffe3900330036003200,326.6299951715082
fffe3900300030003000,2150.0357375051544
fffe3300340030003900,175.8917050138076
fffe3100340032003500,12790.038082867793
fffe3100330035003700,209.69495682884482
fffe3200370030003900,147.40522916382352
fffe3900310034003900,973.4971989100802
fffe3400320035003700,150.69255569756945
fffe3800380032003900,347.81234714085906
fffe3500370034003300,280.5119300407666
fffe350034003700,642.1149642054374
fffe3900320030003900,1035.9054659443061
fffe3700390030003000,231.22923715359974
fffe3200350039003700,1074.7095253929024
fffe3100360037003300,1276.2351000458063
fffe3100350032003800,482.355222903887
fffe3300380030003700,194.77626788984463
fffe3200330033003500,2301.6780381996737
fffe3400300033003300,232.94969575134027
fffe3100360033003600,174.9340151835011
fffe3400370037003700,951.5983102915993
fffe3400340033003100,7884.167163194024
fffe3200340035003700,535.6986833479
fffe3500380030003800,547.7764779502851
fffe3500360033003600,387.9188694131918
fffe3500380032003900,157.20761089881535
fffe3300310035003500,457.42674335279594
fffe340036003700,509.93979186896513
fffe3800300039003500,795.7345050157768
fffe3200310035003100,159.28599678294174
fffe380039003100,657.7154858509234
fffe3800320031003400,562.1072667689917
fffe3800320039003100,236.41089749678903
fffe3800300038003600,397.15547811852656
fffe3400320034003500,160.90381522993155
fffe340037003300,466.89568307364914
fffe3700340037003500,254.8083893108064
fffe3500340032003900,337.953119019184
fffe3600360035003600,2246.3569753032143
fffe3900350030003900,227.40136962463697
fffe3700370037003000,377.13929456021344
fffe3800360036003800,3984.797429779722
fffe3500390033003400,239.93584611200907
fffe3900350039003700,1167.2945179980532
fffe3500390034003800,910.3948431053418
fffe3900370035003700,208.5233904814375
fffe3100310032003700,202.20223901871225
fffe3200360033003600,516.299875787653
fffe3200390037003500,310.19009270420725
fffe3300350039003400,1039.4945805407938
fffe3700390032003900,347.62493208726556
fffe3800380033003900,1195.6065854151134
fffe3300360037003100,275.5847446762244
fffe3100340039003100,5468.201631151823
fffe3200340034003700,1133.7533567074672
fffe3400390033003500,1114.2210439945468
fffe3100370030003100,248.01526389586255
fffe3900390036003200,368.73363488021073
fffe3700380038003300,3274.733460778477
fffe3300380038003500,224.2636338855865
fffe3700320033003800,78219.69233647014
fffe3900360037003100,348.74549414238857
fffe3400340039003200,2601.720618354434
fffe3500320036003400,3182.4794892352393
fffe3400340031003000,673.4828826918739
fffe3600340038003400,829.3817949068896
fffe3100380037003900,705.4852249540877
fffe3100300032003900,719.2031567943051
fffe3100350030003400,721.1078161052211
fffe3700330036003700,421.95457043627823
fffe3300370035003700,208.8956545168574
fffe3300360037003900,343.31885823568865
fffe3600310038003200,410.48150153762924
fffe3100370035003300,195.87504890409122
fffe3500390036003300,528.9598519345684
fffe390032003400,414.7605110287699
fffe3400330031003300,19264.837596016732
fffe3100300035003900,726.7733789415296
fffe3500390030003500,246.18378872813986
fffe3500330030003400,245.91836020464228
fffe3800340035003500,310.10872811403146
fffe3900340037003200,613.4269367866383
fffe3200340033003700,695.5873305567454
fffe330032003800,860.8070259846277
fffe3900350031003300,190.91588332108753
fffe3600380036003200,428.3648860881884
fffe3100340031003500,387.11901425120493
fffe3200380033003600,240.05348113486463
fffe3400390030003200,277.317954477362
fffe3100340030003800,440.6853449915433
fffe3500320032003500,215.35563820691624
fffe3100330036003300,189.47325863623735
fffe3300340033003100,318.5974022881425
fffe3500380036003700,271.2398698173432
fffe3500390036003000,923.1127978632769
fffe390034003700,53381.5464647778
fffe3200360031003900,333.8485990491391
fffe3800310032003200,1147.8354688611437
fffe3200310038003900,454.4435857099554
fffe3400340032003500,5862.765516815516
fffe3600360038003900,156.14151384077667
fffe3100360039003600,517.5859226370613
fffe35003400,158.58844480927422
fffe3700310030003800,2492.1109614829074
fffe3200340031003200,589.9277059784987
fffe3100350031003800,46632.25056411454
fffe3300390034003900,1396.0724025653751
fffe3900310033003100,311.46669375143824
fffe3800390036003800,224.91028817034993
fffe3200370036003400,1468.136395912092
fffe320034003400,591.655049768642
fffe3100390034003200,141.0331117573288
fffe3400300038003500,185.77191011972377
fffe340033003600,2053.2352505482113
fffe3100320032003500,228.36734214631272
fffe3200320038003100,991.618015319722
fffe3300370037003100,1143.1085741859222
fffe3900390034003800,221.5716315239056
fffe3200310038003100,165.29708483863152
fffe3900320032003100,337.4757888918674
fffe3800380030003900,5103.724829272017
fffe3600330039003600,225.854963532052
fffe3100320034003000,415.0337894131718
fffe3500300030003700,228.45192346426813
fffe3800310037003400,277.727119934857
fffe3100320036003800,1676.6595467573854
fffe3600320038003800,192.0425517490989
fffe360038003100,200.41227746375387
fffe3600310033003200,160.76210198356324
fffe3300360032003400,166.64231178844247
fffe3800360031003900,299.5160923886831
fffe3500340037003300,1688.538667888394
fffe3600370038003600,179.58185469749537
fffe3500330037003700,1578.0113849177603
fffe3900350033003100,146.126753620062
fffe3200300035003400,438.3485283005539
fffe3900340035003900,662.7456740782027
fffe3700370036003800,5631.594234052264
fffe3400320033003700,5254.305537953558
fffe3900390036003000,158.16975377073373
fffe3900390033003900,637.1827602797971
fffe3500300038003200,2175.823240248746
fffe3100330035003300,577.0436243572371
fffe3200350035003400,143640.34592158403
fffe3400390033003300,352.84930902862544
fffe370030003700,1203.119154501572
fffe3600370031003300,138.89831075452855
fffe3500300033003300,709.724219079872
fffe3400310032003500,764.1496427195157
fffe3300360039003200,980.5741518637294
fffe3200360034003600,639.8544707662813
fffe3600360039003100,837.3773927251941
fffe3800350036003900,146.69605074716696
fffe3500360036003100,227.9900363579226
fffe3200320036003200,3659.163939533652
fffe3400340038003000,3679.8090043084703
fffe3100360039003400,134.60784155505203
fffe3300360033003000,260.78563676599265
fffe3800300031003000,1666.5446888064455
fffe3700330033003500,660.6333108486956
fffe3400340037003900,184.24738743314015
fffe3700370031003200,176.44210213464083
fffe3700350032003400,749.3501015092868
fffe3100350038003000,461.78811498314826
fffe3200360030003600,7111.348429220454
fffe3100380033003000,4951.406396351761
fffe3300300030003600,177.55989374268665
fffe3800360034003900,133068.98527159978
fffe3800360037003000,174.1343337882583
fffe3700310032003900,215.74750808300058
fffe3300310037003600,136.95341909053025
fffe3500300036003400,508.19047262554955
fffe3400330033003300,975.763159730187
fffe3500310031003900,245.07238615567863
fffe3100360033003700,240.3531275608692
fffe3200380039003500,183.89148853081733
fffe3900310033003400,132.33288745608846
fffe3200350036003800,948.0767909522701
fffe3400300034003300,309.5952709611015
fffe3800330034003600,575.8155802753035
fffe3100390035003800,599.2242258215808
fffe3500370032003700,4580.678775175476
fffe3500390038003300,1372.2143838002362
fffe3600360033003200,270.726393106641
fffe3500320035003800,1149.163970168227
fffe35003800,227.53624327481597
fffe3400330035003400,12552.743203865848
fffe3700340033003500,5953.930009696449
fffe3600320033003700,6322.6744879059315
fffe3900360039003800,175.7424957187567
fffe3700310033003700,2010.9885657948835
fffe3100370037003600,64628.35134948049
fffe3800320035003900,594.5914963226332
fffe3600350039003700,298.7030764395832
fffe3700360032003500,1766.2096154796698
fffe3200330039003000,4609.359314149324
fffe3300300031003700,482.0684614778828
fffe370039003100,5122.437480212574
fffe3900320032003300,31192.076907502436
fffe3400390033003000,3177.6876434303776
fffe3300310039003200,253.80014556559502
fffe3400390030003500,246.37155502463474
fffe3100310030003600,4868.736056667789
fffe3500350036003800,763.9576425711261
fffe3400370038003000,417.71103357481934
fffe3400370038003400,185528.28325171006
fffe3200320039003200,770.3305289747271
fffe380035003900,1078.417706641805
fffe3600320037003700,4205.736263254093
fffe3400330039003700,346.9735083031809
fffe3700320033003300,40352.96785656363
fffe3800390031003500,36194.69158127171
fffe3100320035003200,5634.956269382816
fffe3100370038003500,1237.16895268218
fffe3200310030003100,232.93749542690918
fffe3200300038003800,947.6687073869634
fffe3600360030003400,217.38072281228548
fffe340035003900,359.68424430564585
fffe320031003000,161.7059621907824
fffe3200350035003700,331.67840483598764
fffe3500370038003000,234.9597519051316
fffe3500360039003000,686.070996385624
fffe3600320032003900,38562.074372225165
fffe3800350036003500,180.96747267420488
fffe3200300034003400,13025.34358811938
fffe3700390033003100,199.9085811334129
fffe3200380036003700,12942.790059104136
fffe3300340039003100,626.0871170833708
fffe3900380033003500,959.2144908231912
fffe3500320039003200,212.28268929624699
fffe3700330033003000,160.94783647391307
fffe3200330038003000,1377.3377188890313
fffe3300300031003100,717.0599131105813
fffe350035003200,985.2997433484201
fffe3200310039003600,7717.408366506757
fffe3500310030003100,2613.9731508626546
fffe3100340037003500,429.48092432369674
fffe3200350036003100,193.49359608278593
fffe3500350034003200,666.5206912762127
fffe3400390035003700,244.64733997339434
fffe3200390036003700,1147.1452304403795
fffe3200330037003700,1128.4375715743513
fffe390032003900,348.70547836089577
fffe3200310034003700,113.64272684136925
fffe3600320032003400,168.34245508089444
fffe3400380031003800,1500.231935110064
fffe3900330030003500,452.22928271207815
fffe3200390037003200,252.95902001424275
fffe3200370036003100,2509.9945314880115
fffe3500340031003500,5504.868053823032
fffe3400350037003500,4663.950890452328
fffe3600320037003300,1196.657089353582
fffe3800370034003100,584.1955174913244
fffe3700390032003800,131.14473198175244
fffe3400380039003100,243.52702326528728
fffe3100350032003000,412.0365376762626
fffe3700300033003900,737030.3411912343
fffe3700310037003600,261.3422632239409
fffe3300380037003500,210.49995468046157
fffe3200300035003300,2349.693634768542
fffe3800390033003900,558.4208491143031
fffe3800350034003100,1272.3591983226313
fffe3400370033003100,342.33102354595655
fffe370038003600,50739.784905988934
fffe3600310032003700,1471.797667188474
fffe3200370036003300,28716.316249220057
fffe3600380034003900,204.97695247813772
fffe3200320037003700,287.0089857327961
fffe3100310032003100,1629.1510431520594
fffe3300390032003400,21124.71155367385
fffe3100340031003700,359.8351265078252
fffe3500390038003400,299.41765903845896
fffe3900370031003700,357.21131692415315
fffe3500310030003300,12667.659683759442
fffe3900320033003600,816.786536079193
fffe3300370031003000,3471.203891795044
fffe3700350036003900,441.1819985881719
fffe3200310033003900,1250.0288615795014
fffe390039003300,248.14556003797054
fffe3900390031003500,203.944067176046
fffe3500300036003100,491.3685245575568
fffe3300370039003500,160.5736127980167
fffe3700380031003100,141.774095676798
fffe3800380036003700,233.0270976068324
fffe3200350034003400,683.2839919448959
fffe3700350034003900,558.7381939826274
fffe3100390034003700,214.21017358808996
fffe3300390031003400,490.9390994032036
fffe3300380034003900,1669.4730393898171
fffe3400390038003500,166.98695385874288
fffe3300370039003700,596.7536486589503
fffe3100380035003800,255.71395007104857
fffe3700340031003400,28799.02632138178
fffe3400370030003700,207.77183608784284
fffe3100390039003400,1750.363023550526
fffe3100330031003000,295.9416956901178
fffe340033003500,200.70188572099818
fffe3800370031003200,125.00654338961829
fffe3200380032003300,1558.624652745031
fffe3900350038003800,4325.245771718161
fffe3700300033003400,221.49535951882675
fffe3600390032003600,11597.825303696916
fffe3500310036003600,977.7891507485542
fffe390030003600,13393.428328146174
fffe3700330035003800,903.5545322033497
fffe3400360035003600,210.20186526916996
fffe3800330035003500,714.283908426024
fffe3100310036003800,225.3476944600199
fffe3400300035003300,1546.4017272954661
fffe3600390036003600,329.9630202867772
fffe3500370038003100,441.6872293394569
fffe3800390031003700,1320.5429426175233
fffe3500320030003000,886.0274171977298
fffe330034003200,446.8750370275492
fffe3800300031003900,705.4927425315766
fffe3500320039003900,415.9870775801615
fffe3500300038003800,184.38885180985807
fffe3700330034003900,312.3870222042931
fffe3600370034003700,644.48137939487
fffe3100300032003700,146.86571645401733
fffe3900360032003700,580.0886924539145
fffe3600340038003800,3298.304194249101
fffe3400310036003300,33391.76421562667
fffe3500330033003100,162.57570596734436
fffe3100370031003100,287.11365551024414
fffe3500370034003900,485.23869234958744
fffe3500360034003700,255.47466243853216
fffe3200330031003100,653.1067726649384
fffe3600360039003200,927.6561452771996
fffe310035003600,5874.041517915248
fffe3600390031003000,728.8072379826615
fffe3100350031003500,145.44047138421763
fffe3900320038003100,231.88376258896938
fffe3600350031003000,162.60955484229083
fffe340034003100,371.27158402060184
fffe3400390037003000,224.46184191982564
fffe3800310037003100,1143.363614389157
fffe33003200,853.9488437382215
fffe3200390036003000,135.34547891829257
fffe3900390034003400,130650.99353152476
fffe3200350035003900,160015.1423104957
fffe3100330034003200,722.5306244245319
fffe3600310031003300,196.60053216322223
fffe3400310037003900,23728.46326506234
fffe3400330037003100,6872.709823810714
fffe3100370039003500,4460.389613553325
fffe3300350032003300,3822.8454840713025
fffe3600350035003700,1364.95604305679
fffe3400330033003500,2902.455335719643
fffe3400310038003100,2357.214287720689
fffe3700380035003400,371.805113300005
fffe3400340038003600,953.2408756955585
fffe3200350034003900,1780.0907325801195
fffe3100390035003900,189.64401145520645
fffe3600300031003400,355.0566774412316
fffe3400330031003600,706.258624020605
fffe3400360030003300,178.68045869664448
fffe3500370036003600,124289.944267077
fffe3300390036003800,329.44746390547897
fffe3900370030003500,137.52931937990402
fffe3400380031003900,4230.125166671138
fffe3600320039003600,180.24039206072058
fffe3500330030003100,546.2848894028426
fffe3600370034003100,189.2607361564095
fffe3100340038003600,371.0228740583301
fffe3500350037003600,15537.103906514589
fffe3500330035003300,340.54042523440603
fffe3500370036003800,477365.6962774486
fffe3700310033003600,177.50170405211693
fffe310034003600,358.77620372208133
fffe3100350038003200,243.50792576951184
fffe3100330035003900,4238.42182912073
fffe3500350034003000,705.5646455608198
fffe3100370036003800,184.4923242472762
fffe3900330039003600,367.5751038554134
fffe3500390037003200,993.964457029812
fffe350033003600,187.2037511117292
fffe3300390032003300,196.80386182144832
fffe3800310032003900,170.2879252396641
fffe3700330033003800,256.3288924441766
fffe3900320032003500,400.0247945399881
fffe3400360033003000,433.56483207618123
fffe3100340030003700,1245.8657256948798
fffe3200340034003600,5478.403120814516
fffe3900390038003300,210.67381294427832
fffe350036003000,158.1239170304649
fffe3500310037003300,207.17644765585203
fffe3900390030003700,183.6313477374259
fffe3300350035003500,1283.7130275813524
fffe3300380037003800,176.45563346910342
fffe3900330035003300,1011.08429728068
fffe3100360030003700,982.3990854443598
fffe3100340034003900,352.50549432625473
fffe3600330036003600,414.83919127820167
fffe330039003000,236.35903552083778
fffe3800380038003300,287.4644409469284
fffe3300340036003400,439.16154982905107
fffe3200300033003800,1204.3054464242227
fffe3400340032003600,134.37917130337976
fffe3300320034003000,603.7692126737237
fffe3100300039003700,310.0742218864389
fffe3200340030003700,207.5807866740551
fffe390030003300,448.4928587282683
fffe3800320031003900,1674.1997577158265
fffe3400300035003600,187.75463537293467
fffe3200360031003700,148.61554849028192
fffe3500300033003100,126.78319551977307
fffe3100380033003100,3829.1525236188936
fffe3400330030003000,269.8067302335805
fffe3700340032003000,456.7331904017893
fffe3200370034003100,423.09265415418645
fffe3600350032003300,7088.042099649054
fffe3300380030003800,614.4041262609553
fffe3300320039003400,391.8824691515357
fffe3200300031003100,2276.636619223511
fffe3200310037003500,232.5816944399167
fffe3900370038003100,182.6751875736394
fffe3500350034003300,347.07531625222407
fffe330034003000,332.7922026435045
fffe3300370032003600,190.26759024665668
fffe3900330037003800,263.43141503020104
fffe3600310035003000,401.86676783075495
fffe310039003200,620.9555545768209
fffe3800380036003400,6767.345518416807
fffe3600300034003300,159.2992007971179
fffe3400300039003300,608.5849622067872
fffe3500310033003900,689.4233292659428
fffe3600390038003700,3188.6239344529813
fffe3900340031003900,187.9709153941772
fffe340033003400,7200.757763604493
fffe3500390038003700,219.28519391776467
fffe3400390039003700,591.4218535682463
fffe3100310039003300,382.9932402273854
fffe3800330034003900,236.9123789716202
fffe3700,566.8750625832017
fffe3400320038003700,225.01534449810268
fffe31003200,1779.1513471005164
fffe3600370037003000,297.2650088866186
fffe3400330039003100,624.722428855371
fffe3500360034003100,132.32961973239418
fffe3500330037003500,221.7241652293979
fffe3100360038003700,371.051072423499
fffe3300340036003200,246.10519241683062
fffe3100310034003600,533.4140774953081
fffe3100380034003400,192.75474675818646
fffe3400380032003400,319.17427255445637
fffe3700370034003800,5194.326444232376
fffe3700390037003800,659.8316575161689
fffe3800370030003200,144313.08924846863
fffe3300340039003700,200.65422014634564
fffe3900390039003700,224.76501766934476
fffe3300390039003400,183.12357862415934
fffe3900300032003700,262.28331962879747
fffe3700380035003100,27848.288571754696
fffe370037003000,567.9633603081538
fffe3600300036003000,458.54924409921415
fffe3600320035003800,1067.2639607877259
fffe3600300036003500,319.4846690858441
fffe310033003000,6038.499677597943
fffe3500340033003900,353.4140887049663
fffe3500340038003700,2810.774535427591
fffe3300340034003400,271.25242852886225
fffe3800380031003900,156.6904900450769
fffe3400340036003100,2257.5108455859076
fffe3800380036003300,202.95299107934352
fffe3800310032003800,384.48540064185227
fffe3400300032003900,143.66068486087994
fffe3900320038003900,543.0088716132714
fffe3900350039003500,667.4419348545076
fffe3900320030003000,1027.2126075628566
fffe3300330034003500,1059.458842832008
fffe3800310032003500,403.20159616230217
fffe370037003500,383.81759455175796
fffe320039003000,2498.6968168241015
fffe380036003900,469.78998303318633
fffe3400350032003700,172.23012033816778
fffe3300300031003800,402.7397195892065
fffe3600330035003900,211.47603257961796
fffe3300310031003200,245.59589641020213
fffe3600320036003500,158.8707105324999
fffe3500360039003500,1104.6392990201457
fffe3400370036003000,1298.519096620836
fffe3300330038003400,1872.6672232103497
fffe3500300037003900,1019.4869378642153
fffe3700350038003300,10848.45798819233
fffe3600370032003000,2392.630007215054
fffe3500380031003300,223.5645282833236
fffe3200380032003100,360.2025561363493
fffe350030003900,172.98231668198648
fffe3700380031003200,2153.4223727962153
fffe3200390039003900,252.25174817069762
fffe3900390036003800,679.8854985853402
fffe380035003200,441.94330823374344
fffe3800350030003000,226.85232174884834
fffe3800310034003600,317.02015188521824
fffe3100350032003600,517.8588471610045
fffe3900300037003600,689.7072626109964
fffe3200340033003600,1368.5978787997456
fffe3500390031003600,11551.402194040591
fffe3800330034003800,377.0268930537729
fffe3300370035003000,258.55859750303307
fffe3500350034003600,793.9429250988662
fffe3100390032003200,83451.32299352367
fffe3800370036003800,3522.089098014477
fffe3900310036003100,20692.167018737626
fffe3300390036003100,857.8246971023004
fffe3300380032003500,1325.8412854414291
fffe3900330032003900,546.084554931808
fffe3200330034003400,354.906419119293
fffe3300390030003000,255.7783392834094
fffe3500340036003200,2356.190499528225
fffe3600380035003700,155.15828635521905
fffe330030003400,894729.5643803534
fffe390039003400,152.91567729360548
fffe31003000,197.01841257366485
fffe3900320032003400,6617.345844253188
fffe380037003000,183.32315123755802
fffe3500380038003100,183.8282280343518
fffe3800360038003200,37027.059403213454
fffe3300350035003400,784.5133671718713
fffe3500380034003000,2566.953641878356
fffe3900320033003800,1751.3864570097905
fffe3400320030003100,174.38795226576013
fffe3700320033003200,261.89539283173485
fffe3200340033003000,63404.85980834342
fffe3500350032003800,260.24329270667846
fffe3700320036003200,356.658373263772
fffe3700380032003600,21859.362258537025
fffe390032003300,288.57850554560747
fffe370031003600,190.9515440657856
fffe3300390031003100,44082.29804118505
fffe3400390033003200,862.0667605014678
fffe3400370032003800,4981.02090242131
fffe3400380030003500,211.67550774646284
fffe3100310030003500,488.7744876971493
fffe3200300030003500,171.10595871978865
fffe3300330032003700,1277.7286513953127
fffe3300320031003600,341.30244263033694
fffe3900370036003300,1145.9866954868141
fffe320030003400,180.7387170755601
fffe3200300032003500,149.27649453546522
fffe3600330031003700,3422.058884768039
fffe3600360036003900,133.03939650980428
fffe3600300030003000,1135.757384321969
fffe3200350038003200,836.4209594243458
fffe3400370039003900,226.07670990952553
fffe3900370037003100,213.22767981499183
fffe3800300030003500,940.1689116992245
fffe3400300031003200,500.52752417270176
fffe3200370034003700,200.8601190734757
fffe3300380035003700,168.57131956938207
fffe3100340037003400,286.99995745539684
fffe360037003700,750.216309734019
fffe3800340034003300,5466.3652553683305
fffe3500320037003700,3328.7002087765795
fffe3900360031003000,258.40093918675416
fffe340031003800,4213.653190484489
fffe3200350036003300,886.3391507925547
fffe3700310034003100,17913.397155524985
fffe3400320037003500,487.9810395870344
fffe390032003200,12469.836479155187
fffe3300380034003400,177.88740385852896
fffe3100310034003800,423.7019798017911
fffe3100350031003900,211.2169151831264
fffe3700380030003400,226.57479830006753
fffe3800380033003000,1089.3298484473378
fffe3400370033003700,158.77226814815452
fffe3900390037003500,214.1697268339924
fffe370030003300,332.25406577428237
fffe3400320034003400,176.28483847801817
fffe3400320031003300,2935.9198756167443
fffe3100360033003400,10937.641913819181
fffe3400300031003300,239.76163861794265
fffe3900380039003600,216.82238282213635
fffe380038003600,33013.96986942584
fffe3700350033003800,461.67520220068394
fffe3400360035003900,108.98963048277847
fffe3300390039003700,516.3235158786551
fffe3700300036003100,177.19198404105794
fffe3100370032003400,185.5664646112918
fffe3900300036003300,10115.891116324074
fffe3500340031003800,601.4116788438611
fffe3800390039003100,409.14478595756873
fffe330032003300,1000.8342024078937
fffe3600330030003000,142.3716660104794
fffe3700380039003900,450.62907506035054
fffe3300390034003100,376.5385169641241
fffe3700380036003400,430.9567051463791
fffe3300,1189.7684377151443
fffe3700360038003000,150.9375993719819
fffe3100360039003900,169.39333246384643
fffe3500310032003500,206.17548041253104
fffe3200300030003400,179.87825312824776
fffe3800310031003500,204.66156644180018
fffe3900300035003300,661.8002915615074
fffe3800340038003700,819.9675469641352
fffe3400360033003200,856.0738065708063
fffe3300360038003300,6776.706036423211
fffe3800380034003200,279.05909325479655
fffe3300390033003400,276.77533489996136
fffe390033003400,169.89098238501816
fffe3500380034003100,456.51283883583653
fffe3700390030003800,462.1975922122354
fffe3800340031003100,966.0588693083528
fffe3800340030003200,379.38678163087974
fffe3400340030003000,141.719380313195
fffe3600320033003200,1062.8108999566425
fffe3400390031003600,919.0864855959944
fffe3700300039003000,155.86290068227802
fffe3400340031003300,469774.9034417791
fffe370038003500,655.0150648204599
fffe3900320036003900,186.07728530184266
fffe3600330035003300,251.31993808542214
fffe3100370030003500,133.9612226314749
fffe3800320036003500,3333.8761422796615
fffe3800350031003300,10373.745895582753
fffe34003000,352.44464827815654
fffe3300390034003300,495.3097988866715
fffe3100340034003400,873.3305657842895
fffe3900350031003700,138.69339546550432
fffe3500320038003800,8046.259383074182
fffe3800320038003200,199.264724059512
fffe3600320039003200,159.20181408729692
fffe3800320032003600,273.6355480573855
fffe3800350038003000,10715.63061794467
fffe3100340034003600,121.55809888855919
fffe3500320038003300,134.2061216813245
fffe3200360039003900,388.50925438937566
fffe360034003700,333.12868809206014
fffe3700380037003800,154.30623780561672
fffe3800390039003700,144.147725047264
fffe3700380039003300,297.4716866165406
fffe3400320030003500,260.56998945041715
fffe360035003200,467.1081857633676
fffe3700380035003600,773.4348791579519
fffe3900320037003300,145.49880425839
fffe3700320038003800,142.67286139304707
fffe3400320031003800,672.7070942908921
fffe3400360039003900,155.78048961660335
fffe3700380035003200,589.7541138135888
fffe3900330034003800,156.558844733556
fffe390038003100,181.36387886108304
fffe3100300039003200,213.87993948374975
fffe3200310039003100,1123.3589958988798
fffe3800330038003300,11807.687236101352
fffe3500330035003200,295.58895483263944
fffe3200330031003300,1161.2468514091688
fffe3400330030003400,505.01458308739774
fffe3900360035003800,132.81341838755054
fffe3100360038003400,256.7156880487468
fffe3900340037003700,433.534795573987
fffe3400370032003000,1090.5882941151076
fffe3600310033003800,283.7338546778331
fffe3300310036003400,548.506110334664
fffe3100390038003500,206.01511536504404
fffe310033003900,569.5249069474143
fffe320037003200,321.99729970150725
fffe360030003000,168.51542811066975
fffe3100350037003800,1594.6117759946974
fffe3800300030003800,160.32991587242228
fffe3100360036003200,348.0310344774824
fffe3700300030003300,177.65164283877047
fffe3600340033003300,21664.26621554026
fffe3800330030003900,318.38489141703474
fffe3200330031003200,8994.812286940338
fffe3400320032003800,11884.27721187985
fffe3900330036003500,454.7994406308992
fffe3200340035003300,1088.6704135195682
fffe3800340034003900,449.2886905165774
fffe3400360038003400,6744.4540920924355
fffe3700390034003400,184.05852423004967
fffe3200390032003800,5664.949555416768
fffe3300360034003200,1248.4699269589385
fffe3600300030003800,233.77287789158893
fffe3700370039003800,141.30532941942502
fffe3400310030003400,340.7444640491772
fffe3100350033003000,412.49204298564
fffe3700390037003700,825.2879260670331
fffe3600390039003600,8547.695963456306
fffe3700390034003100,568.5783386718539
fffe3600,5507.127143356662
fffe3800330033003600,570.9983323895422
fffe380035003000,995.0187515628618
fffe3700380038003000,556.476610348491
fffe3600300039003100,177.21743120628824
fffe3700330036003400,262.1373960507474
fffe3100330038003700,334.53025743222065
fffe3100350035003400,633.2376822005599
fffe3100320033003400,280.8756246972098
fffe3800300030003300,274.04087153341465
fffe3200350032003100,207.2715741777176
fffe3500330032003400,8620.000466467622
fffe3800360030003600,211.51011419150853
fffe3700300036003500,256.21929604966806
fffe360036003200,231.3904450444989
fffe3800360039003900,272.41642595588934
fffe3100340031003200,312.6632356716363
fffe3600320039003700,2146.3207756297475
fffe3600350034003900,930.915657310316
fffe310037003600,3660.9662339968127
fffe3900390037003600,1522.1992380391735
fffe3300390038003700,215.67079783056832
fffe3700320032003900,205.04234891759347
fffe3500300033003500,16608.623478558908
fffe3800330033003100,648.6666198711104
fffe3500370039003000,19219.347641659107
fffe3900310039003800,159.48454198159118
fffe3800380039003200,1099.7578767230366
fffe3300370038003000,146.92440933358625
fffe3900370030003700,1035.7366592274554
fffe3100320034003500,199.17414843580866
fffe3300380038003800,301.4262372302785
fffe3600310035003500,209.98401815970482
fffe3700320033003700,408.0848925004255
fffe390038003300,2489.4506985561193
fffe3900360031003300,135.15382184381832
fffe3300370030003600,325.6982923789775
fffe3300310038003300,131.52695293977666
fffe3600380036003800,399.0540370561233
fffe3800310038003100,329.42436784067695
fffe3600330036003400,9494.855276255466
fffe3500310031003500,208.48509943027045
fffe3600380035003500,225.11682477166474
fffe3300380035003100,599.8896459742318
fffe3500380039003100,1580.2868551269053
fffe3900390032003300,1044.0580723525165
fffe3700370036003200,169.8107141336273
fffe3600330037003500,504.84834496379506
fffe3600370030003800,279.11853371929476
fffe3400310035003600,323.65602778202424
fffe3300390031003000,1191.624276221437
fffe3500320031003100,886.0664323765361
fffe3300360031003300,480.7662898745623
fffe3100390030003100,257.9816157547991
fffe3600370032003400,3935.622769557869
fffe3100340032003200,229.7395374024018
fffe3400330038003200,1547.398458210015
fffe3500320039003700,63185.5808379914
fffe3800330034003400,1466.6907078900085
fffe3600320038003300,801.9515465125845
fffe320039003200,767.3419019572134
fffe3400360034003600,253.30870177131678
fffe3100330033003700,1002.9848023957397
fffe3400370039003000,764.2458334891946
fffe3300320035003200,46664.74752130929
fffe3200360035003100,6259.210688332498
fffe3500380034003400,9067.289236164364
fffe3200320034003100,2622.951292706025
fffe3500390036003100,134.43102888665436
fffe3500310030003800,195.5877351157462
fffe3600320034003300,4086.3464557286043
fffe3600330032003500,148.40736781214218
fffe3200310035003700,273.17788942305697
fffe3100360032003800,331.85407314857594
fffe3600330033003800,968.3340960545929
fffe370038003700,966.7592822883554
fffe3100360036003000,1060.5069063435972
fffe3300350038003300,222.3829196740599
fffe3500330034003000,165.1344963242783
fffe3300310038003100,213.43740795589295
fffe3400340037003400,647.0993763697478
fffe3100320034003900,1353.719506768617
fffe3700370038003100,718048.6282936358
fffe3500310039003600,136.24353255866907
fffe3800340038003000,6443.835530385421
fffe3600380032003900,980.3885906075707
fffe3300390038003600,180655.86316940715
fffe320038003900,415.27051492028454
fffe3200360039003300,266.96207368250197
fffe3600360034003800,476.8032287765879
fffe350034003500,293.9638292676519
fffe3100310038003000,29749.92895112567
fffe3100370031003300,251.40659152160134
fffe3500360033003100,122944.41841715123
fffe3300340030003600,463.85319642348736
fffe3800380034003600,19078.35331685991
fffe3800360033003000,167.7600294698077
fffe3300340038003700,808.1488831286897
fffe3100390033003900,740.1300503070258
fffe3300390030003400,173.39022140529835
fffe3200360034003800,136.948126838717
fffe3700340033003800,221542.7348481057
fffe3500340033003700,139.10848145569514
fffe3400300032003500,1438.6488093231337
fffe3400320033003000,1857.0334777131777
fffe330032003700,363.0285877026625
fffe3200360031003600,4316.995923316834
fffe3600390038003300,421.00255545843385
fffe3800390032003600,130.03872995223907
fffe3200340037003900,177.41643710821938
fffe3200380035003800,15799.630601855837
fffe3900310032003800,306.6164714301378
fffe3200370037003000,1227.352298791108
fffe3400320035003100,736.5232027207671
fffe3600350035003500,726.3052852327494
fffe3100310032003500,5758.083094086585
fffe3100320038003300,10070.327345599368
fffe3600390037003400,941.2471938724884
fffe3300350035003900,2805.3653937518125
fffe3700320034003400,334.6898498969972
fffe330038003900,147.24694721092962
fffe3200380039003200,2411.8828873089856
fffe3400320032003500,171.400834667136
fffe3500310032003200,811.3873257964264
fffe370035003800,297.53236418021345
fffe3600390030003300,1065.081664634055
fffe3900370030003300,556.191451445299
fffe320033003800,176.11795750961915
fffe3800380038003400,198.40059303034815
fffe3800390038003500,282.13609505735286
fffe3600380038003400,706.3406349674933
fffe3400360031003200,389.157327275263
fffe3300390030003600,163916.27984536393
fffe330036003700,2448.340775767374
fffe3900370039003600,352.613053780976
fffe3800340039003800,11751.314548477665
fffe370034003000,990.8699783663257
fffe3200370030003700,94942.57044143243
fffe360035003400,9533.226876522374
fffe370039003900,302.3530831714835
fffe3900380032003200,1218.0633611454125
fffe3900360033003900,272.2246829189093
fffe3400320039003900,417.70382647994126
fffe3100380038003700,797.6958376272855
fffe3300320030003700,16915.48133851349
fffe3100350030003200,224.34127320131236
fffe38003500,173.0679437646928
fffe3700300039003900,152.26241379886278
fffe350031003800,306.8717820158122
fffe3100380039003600,9719.724217518271
fffe3100380030003900,211.8311558364648
fffe3500370035003400,1826.5341157435405
fffe3600320039003900,532.1590175088415
fffe3900390037003700,157.6613479223733
fffe3100360034003100,2437.0958127395943
fffe3500320038003100,450.8765333455844
fffe3900300030003300,439.3286777635204
fffe3400340033003900,2216.0645997711213
fffe3400310038003000,268.5113787903774
fffe3100330034003400,313.3397680551273
fffe3200370031003200,200.95734760263366
fffe3700300030003600,5589.78768202165
fffe3300350031003600,1803.6242397527976
fffe3400300033003100,179.54095661312118
fffe3500330038003700,260.0175971887737
fffe340034003000,153.21499566393607
fffe3100370034003900,411.12076533236336
fffe3700340030003300,201.96701249691785
fffe3900300033003500,710.2000081352163
fffe3400390032003900,318.8936832356285
fffe3300380034003600,3843.2804593039177
fffe3100370038003700,274.60686887638434
fffe3200320036003800,50388.17936834872
fffe3400340031003200,172.60392007579463
fffe3100310034003500,5292.946786300508
fffe370033003000,615.2734252815463
fffe3600360038003200,151.15967083582774
fffe3700330038003300,263.94918143438696
fffe3500350034003800,223.14889235173496
fffe3500350035003000,2166.4475394859373
fffe3100330036003100,1697.511358116842
fffe3200320030003900,302.74360712735415
fffe3400390036003300,345.09596878247453
fffe3900360039003300,244.62111451599236
fffe3200340032003100,2044.7876602524445
fffe3200330033003000,118.0714497493656
fffe3100330032003700,2623.983493360032
fffe3300310032003400,162.9036329736521
fffe3600350037003200,151.38788901151023
fffe3500340039003900,1366.0779969568825
fffe3500340039003600,483.3637111153174
fffe3900330036003300,3659.794323501732
fffe3600300035003900,297.307046021664
fffe3500320030003100,1837.8753688942916
fffe3800330036003000,579.1654439536672
fffe3200310035003300,1882.8561011856614
fffe3100300039003600,1304.46724965486
fffe3900350035003300,1800.3706640740033
fffe3500380036003500,175.43051727179756
fffe3100370034003200,618.5719438285288
fffe3900330033003100,180.7665190097719
fffe3800310030003800,242.19612747681322
fffe3100340033003400,457.39285725711784
fffe370037003200,7675.231990255602
fffe3400390031003900,623.1916498149855
fffe3500380036003400,491.76827151441285
fffe360039003100,133.54229771192982
fffe3900370039003300,263.09137170085194
fffe3300350034003000,579.6432844670649
fffe3500310037003600,311.62610561427766
fffe3600320037003800,351.19460661913865
fffe3600360034003600,204.8630056708948
fffe3400370036003900,2454.4240718279334
fffe3500380032003300,483.7425697853251
fffe3200390036003500,150.6396445066626
fffe3900340035003100,256.1556664672891
fffe3500390035003500,296.30256054624766
fffe3700310031003700,126.63863162604213
fffe3900350035003100,869.0430577621914
fffe3500380033003200,858.1523809293934
fffe3100370030003200,674.0088479356768
fffe3200300034003900,243.40218522416154
fffe3600340035003800,300.34038284000894
fffe3800360032003800,1802.3459185819017
fffe3900330031003400,198.31258729115538
fffe3600320030003200,162.7440525664602
fffe3700350035003500,208.6799577919589
fffe3800350032003800,410.8267475761103
fffe3600330033003600,169.37009693988114
fffe3100310032003900,335.7978025023142
fffe3600340031003400,537.2931198807148
fffe3600340034003100,1914.2440008905833
fffe3300350031003000,155.57324905982256
fffe360031003700,441.9536424111019
fffe3900370030003100,355.4561811234511
fffe3500370032003900,397.1618562725787
fffe3900390038003900,430.1197028986468
fffe3400300033003200,477.29947390522454
fffe3500350035003600,421.4359229057721
fffe3700340036003200,396.63716341387857
fffe3700300039003800,616.315211526744
fffe3700350033003300,1114.0040523924715
fffe3700380031003600,6036.869300112235
fffe3400380034003400,899.8173507277897
fffe3900350033003400,143.97855485960397
fffe3900360039003500,263.1533489966895
fffe3600360030003800,667.2439020720417
fffe3200350031003100,1080.0586467234443
fffe3800350034003400,1787.7740262492152
fffe3100380032003200,2181.3235996382173
fffe3500350031003200,805.1086425779993
fffe3800300035003900,111.01898221634755
fffe3900380031003500,782.4025606993823
fffe3400320032003200,283.8986778693058
fffe3600330033003900,2377.341191239278
fffe3600330037003200,230.3275508503432
fffe320038003300,757.9765036231556
fffe3200370031003100,256.25747253402136
fffe3300360036003000,521.9340681779305
fffe3300380035003900,6188.939996362054
fffe3200340034003200,442.52618253062343
fffe3800310035003200,216.30227223821504
fffe3500390033003200,297.6729263207858
fffe3500390032003700,170.85831015181327
fffe3400350032003400,1236.9427989638557
fffe3500350035003500,746.4639705079787
fffe3400380032003800,519.8141674666689
fffe360033003000,1834.6932131110184
fffe3200320033003700,236.4844990273421
fffe3800370037003500,2544.45578814288
fffe3400390035003300,482.0525678928945
fffe3600370033003900,815.6097192641294
fffe3500300030003000,5153.799904809836
fffe330033003100,844.9495883902352
fffe3500320035003300,283.1110321266529
fffe3400320030003400,658.9107309047781
fffe3100300030003900,242.81837939441252
fffe3900330035003800,738.5680808475292
fffe3600310030003000,255.5700343239455
fffe3400320033003500,33281.14387766255
fffe3600350031003100,1549.663480940485
fffe3300370034003300,3037.6656447886653
fffe3700300033003200,474.36069115895117
fffe3400330030003100,197.77045972574814
fffe3600370036003600,610.2982166957726
fffe3100360030003500,220.68876047730015
fffe3100340035003900,223.33481789132088
fffe3600390034003600,329.5451777483752
fffe3800350039003600,218.7667828117656
fffe3300310036003700,955.6232361529658
fffe3700340031003700,10189.703983912168
fffe3100,196.94370833874524
fffe3400380038003300,550.7688964320371
fffe3700310035003300,781.0607360221125
fffe3200300037003400,3444.260548786838
fffe3300350035003200,412.201574402854
fffe3900300034003300,1359.218622347082
fffe3300310036003500,5212.030409208899
fffe3600390034003900,1549.6840172142688
fffe3200370038003100,709.6195033170972
fffe3600390038003000,733.2729267348475
fffe3300390033003000,210.39209312230668
fffe3100350034003000,435.98185007535085
fffe3300330039003600,267.2837793356277
fffe3900340038003300,148.42940950957484
fffe3100300031003800,5051.700186734755
fffe3200320033003800,4197.6894982624135
fffe3700340038003800,114.8835144208875
fffe3400360032003900,2605.6579046555294
fffe3300350036003800,221.2648862342478
fffe3200380030003500,1532.2076847205035
fffe3900340036003100,1459.4482353288001
fffe3900320038003200,645.1513778262803
fffe3200320035003700,3981.3245707012316
fffe3300330035003900,1070.2243146432859
fffe3300390037003300,211.10890654032355
fffe3800360034003600,5083.000090952682
fffe3200350031003600,308.11120958660206
fffe3900350036003400,72998.15332135938
fffe3600330033003000,488.65985205668284
fffe3800370034003200,282.3301638710444
fffe3900300037003500,220.9456036011974
fffe3400330032003700,216.85269518308968
fffe3200310034003200,1657.0742392752504
fffe3300340037003800,352.01448193622196
fffe3700370030003800,57086.61944236647
fffe3700310034003000,222.5439032932027
fffe3700310032003000,212.72903025068143
fffe3800340031003200,231.59891305731475
fffe3300340032003100,724.600410937395
fffe3900300034003900,243.67222507655595
fffe3700330033003600,1050.6287471259438
fffe3100320034003600,1095.9420805237858
fffe3900330034003100,311.2460343664201
fffe3800370030003400,2521.327005112612
fffe3800300039003600,233.50014064924653
fffe3900340032003200,1304.1478156852681
fffe3600320038003600,200.14357973092729
fffe3600380034003400,479.3541129471723
fffe3300300033003800,927.788869376164
fffe380034003500,238.83988800190517
fffe3600380031003100,1445.0659298469232
fffe3600370036003500,928.4570332426616
fffe3100320033003200,246.47588521637383
fffe3900310037003800,44562.512593410254
fffe3600340030003600,812.9369437591542
fffe3600310033003900,127.17133938720758
fffe380034003600,169.21072339154188
fffe3700300036003800,148.45776751617063
fffe3100330034003900,325.8832332567234
fffe3100390036003800,13377.938775914648
fffe3400300031003700,28428.003723836882
fffe3300300030003700,288.63927163148657
fffe360039003400,203.43642469933087
fffe380030003500,274.7848891921869
fffe3400350036003900,537.4771545008416
fffe3200390037003700,35903.3391246872
fffe3400390033003400,224.3101104646115
fffe3800320035003400,364.0893647370267
fffe3700380037003200,7917.792176799514
fffe3800370031003700,1608.1089898450082
fffe3500350033003100,132.714922832352
fffe3900300030003500,1012.8289077793011
fffe3800320038003800,1225.1218133470759
fffe3200350038003600,3175.2258507024667
fffe3900380036003800,143.22226097589368
fffe3700370031003600,5568.701996297408
fffe3400360037003800,842.3104351123119
fffe320035003800,234.1984793766814
fffe3200320037003100,193.27891106328838
fffe3800300036003500,26266.00272857442
fffe3300310032003700,398.6622024033684
fffe3100340033003300,151.50970468325158
fffe3100300039003800,273.3888432567045
fffe3200310031003200,1720.774687071631
fffe3800330031003600,785.6675390137307
fffe3400380037003700,380.70517330971086
fffe3600380038003600,230.7583915133346
fffe3300300037003700,204.82822942747828
fffe3500320034003400,1985.1703206302234
fffe3200340039003800,1341.4637571635208
fffe3600360035003500,225.98304801657173
fffe310038003500,221.26470050897933
fffe3900310037003700,4755.842637614197
fffe3400330036003100,2376.407903675916
fffe3500300035003000,129.6333663128376
fffe3800370037003400,29796.630908145544
fffe3500370034003500,800.3950752771227
fffe3100350030003900,2452.031488351385
fffe3400390034003600,331.55156102442845
fffe3600370031003500,1067.1702462799342
fffe3200390039003400,397.40117516897544
fffe3900360035003400,2497.6274505885126
fffe3500370037003000,272.75343582516894
fffe3900360037003500,306.6586807371408
fffe3400300032003100,287.04024439119087
fffe3100380037003100,429.4889350793102
fffe3500300032003600,458.6371915849378
fffe3800370032003500,376.13430647078786
fffe3300370037003000,228.17670348292023
fffe3400380033003100,239.87043908482877
fffe3600390039003200,451.5584240483381
fffe3800380035003500,259.0035338145834
fffe3300310039003500,634.2787806890767
fffe3200330035003000,1434.18228117366
fffe3800360034003700,765.7396587081081
fffe3400350038003700,190.49371524744828
fffe3400380030003800,3588.4457642367115
fffe3900330031003200,237.79508631215722
fffe3200370035003000,255.06008241163815
fffe3300390031003700,173.09025886851788
fffe3800300037003000,417.7951366902822
fffe3400340037003700,10297.117757698481
fffe3600350034003600,124.17787372703066
fffe3200350030003700,157.55821557233202
fffe3200380033003400,1896.6228427817243
fffe3300390032003900,1545.0931152903308
fffe310038003800,2465.8566496376297
fffe3800340031003000,132410.37166006104
fffe3900340039003000,302.73344922150864
fffe3500320033003500,112.72956966616374
fffe3300370036003200,261.60299090733105
fffe3100330037003900,203.84475048100148
fffe3700310039003500,11304.739913477842
fffe3500380030003500,184.86929847142923
fffe3700300037003400,2271.1387367784464
fffe3800380037003100,1171.7078633374485
fffe3100330033003400,4341.66454712817
fffe3900380034003700,2656.0534118103587
fffe3200390033003300,503518.28282922757
fffe3300320036003200,267.91136912763056
fffe3200320039003900,4026.7879437192005
fffe3900390030003800,285.65571487735696
fffe3500340030003800,5059.916325523569
fffe3600340034003300,168.94481200745233
fffe3500320037003200,330.46962517566675
fffe3600370033003100,473.8476572305682
fffe3100390031003600,413.08640757415236
fffe340030003500,943.6732574136313
fffe3600380035003400,188.91473679436348
fffe3500360031003700,110845.33170916184
fffe3400380033003900,172.5924610229656
fffe3100330037003200,188.37909064496296
fffe3200340031003500,979.2273313798007
fffe3700360031003400,169.07620115438903
fffe3400350039003600,327.7361645496511
fffe3900360038003400,849.9430861713331
fffe3700370038003400,94324.6819513366
fffe3500310035003200,190.6034417340723
fffe3300330030003900,492.73464704604186
fffe3200350038003700,364.0540171992109
fffe3800310037003900,564.6450764438234
fffe3800360031003000,2177.515595508669
fffe3800340034003700,344.75709134357544
fffe3500340038003100,1246.6366492679845
fffe3900360033003300,16255.552007738397
fffe3900390032003800,182.81570111939192
fffe3600340035003100,200.70872500234537
fffe3900380033003600,509.6731304281252
fffe3600310037003900,11317.413843514098
fffe3300380036003600,4610.793346535276
fffe390034003500,24667.17680505379
fffe3600350034003100,966.2142313520012
fffe3900380038003500,154.19407880496306
fffe3500330034003800,226.539561710634
fffe3500340031003200,692.6770600366722
fffe3600330036003200,1175.695056224653
fffe3900340038003400,590.2567657180032
fffe310039003100,208.81325727903013
fffe3800340037003000,34792.02047359626
fffe3800320037003700,298.42867828381947
fffe3300390039003200,1375.4361388288266
fffe3300360038003200,4443.047915073814
fffe3200340037003200,3669.4176506125973
fffe3300350032003900,276.5106282364398
fffe3200390039003200,247.9180960904701
fffe3700340035003100,446.09149972181245
fffe3500360038003100,1280.0320059733199
fffe3500370039003400,139.98045999084138
fffe3800390033003600,290.8322488446677
fffe3300320038003300,170.2626397238169
fffe3100370039003300,11782.36702095127
fffe3400310032003400,173.8786355999634
fffe3200340037003800,216.60644407983318
fffe310031003900,1571.2360116576865
fffe3500330033003000,282.1519309514787
fffe3400390037003800,224.3490152184144
fffe360038003800,535.5968896915343
fffe3800340031003800,211.69706533447481
fffe3500330039003400,427.9651991103057
fffe3700320033003500,117.90932620694579
fffe390034003600,164.97211394562126
fffe3600300038003000,1045.5299265382152
fffe3100350037003900,513.4069755372484
fffe3500370033003500,18901.42951398551
fffe310038003100,666.6275255120121
fffe340031003600,5088.721003903786
fffe3600370035003000,3426.9518905374325
fffe3800320034003000,146.5597874814453
fffe3200360036003400,1091316.2943088743
fffe3900340035003700,3926.3626223443725
fffe3400320030003600,216.02449035321138
fffe310039003700,5833.201378847724
fffe3600350037003400,154.212193047325
fffe3300360032003600,518.6745697113823
fffe3800330032003000,47516.51379706989
fffe3800300039003900,3812.815175313972
fffe39003800,284.3090807568754
fffe3700310037003500,202.31271160415005
fffe3300340036003100,217.7776032065251
fffe3800390030003400,985.6241660040389
fffe370036003200,223.55522876881508
fffe3600380033003400,164.49711406660862
fffe3100330030003300,51714.27363372542
fffe3200340037003100,365.95217904876495
fffe3600360039003500,156.3178265508028
fffe3800310031003900,155.4537038645439
fffe3300390038003900,11826.744216055002
fffe3200350030003600,18874.96524831901
fffe330039003500,184.3601565756357
fffe390038003900,153.43718410752857
fffe3800300037003300,676.760592367599
fffe3700390032003700,1126.553250919769
fffe3600320036003900,3420.4008589586056
fffe3900340030003600,181.13444151331436
fffe3700360035003800,258.1254018951731
fffe330034003700,4820.562773535679
fffe3600320035003600,385.5946507495178
fffe3300350038003200,131.83172739570753
fffe3600380033003700,158.59438613148427
fffe3200330035003500,3906.917428988396
fffe3900340030003700,822.7136090960048
fffe3400310038003300,195.36474426668266
fffe3600340035003200,195.5876160319431
fffe3100330032003100,295.3334162243867
fffe3700340038003200,2807.9259139914925
fffe3200350035003100,211.26064772690967
fffe3500310033003000,433.71281369443375
fffe3200370035003400,8366.94017681619
fffe3400370030003500,3942.33926541036
fffe3900370032003300,133.81901482009073
fffe3300390030003700,3800.8706499333725
fffe3200310037003100,437374.2236623913
fffe3200320033003100,1350.9048514509095
fffe3600390035003800,15103.195620218408
fffe3600300033003000,5013.780665155469
fffe3700370037003800,251.04304635783348
fffe3800380031003600,137.45966936219526
fffe3700390035003600,342.36513617947105
fffe390036003100,470.8874002164009
fffe3600380037003600,750.4052502349772
fffe3400310036003400,679.1833811088392
fffe3500380034003300,8109.696005638133
fffe3200360033003800,3823.8825578637434
fffe3400320036003700,684.1044926018918
fffe3700370031003400,746.8510713825659
fffe3300350036003500,1017.1305040627004
fffe3800390039003200,302.3478615770993
fffe360032003100,245.8629474049843
fffe3100320038003600,285.80276860137417
fffe3900330031003600,814.9782217543118
fffe3900330034003200,238.1295544033822
fffe3500350039003700,175.78643249535455
fffe3300370037003200,127.85516917317429
fffe37003400,927.3667505657245
fffe3700330034003300,255.18889633817804
fffe3700320037003800,948.7361540231351
fffe3700360034003600,888.6156304053779
fffe3800370035003000,293.9597610230998
fffe3100300031003500,190.5080521579202
fffe310031003000,638.2022342730115
fffe3600390035003000,303.3198705411041
fffe3400390030003400,343.9095422877424
fffe3300350031003400,3472.525335091018
fffe3200370030003500,420.3487384632492
fffe3200360036003100,166.89495501435746
fffe3900310033003500,188.29485793086033
fffe3700390038003600,244.3536053840442
fffe3500390039003400,261.5632182554332
fffe3100350038003400,530.1110231655907
fffe3600370036003300,325.41972850193025
fffe3600320031003500,152.47312695615642
fffe3400310036003700,396.66282640774415
fffe3800300036003700,378.3629504389995
fffe3700300038003500,1339.2538984521784
fffe3400320032003600,163.99583203944155
fffe3200320032003000,473.168255387281
fffe3700390034003300,1927.4032610728636
fffe3100370032003700,274.36851491212417
fffe3700390032003300,171.23339609267623
fffe360032003700,203.79267494983765
fffe3100350031003600,308.2807152736173
fffe3200310037003900,198.5589185165942
fffe3800340039003700,198.96291817197556
fffe3900330036003900,794.0204672011913
fffe3100310030003300,159.55298496658338
fffe3400370032003500,556.2886384552842
fffe3100370034003800,701.602864240469
fffe3500370034003800,170.40980537090692
fffe360032003900,668.3145580893342
fffe3600350030003600,197.8470951780366
fffe3200320035003200,230.24309189152157
fffe3800380035003900,155.76310076603437
fffe3600340039003600,10060.48611873125
fffe3100330030003500,197.48101182414587
fffe350039003800,625.6557504481088
fffe3100340036003800,739.9474922558107
fffe3100310036003100,319.4851103339525
fffe37003600,467.3336157538855
fffe3400360030003700,363.4976629507021
fffe3100350039003100,2820.1494120194275
fffe3100360037003800,841.9911707075908
fffe340035003400,964.7839741921073
fffe3700370038003500,179.87604357372498
fffe3400370038003900,189.57061987469598
fffe3400300036003500,139.1788481442572
fffe390030003700,557.288489983197
fffe3500310030003900,633.4010612611785
fffe3600360038003400,1963.0506502945261
fffe3600360037003900,293.87966515478064
fffe3900340037003000,170.2014752444199
fffe3200370039003200,160.027131332383
fffe3100370031003500,1483.4571769215536
fffe3300370038003500,839.5012731042135
fffe3500310035003400,154.57551029410027
fffe3600300034003200,274.86279798626947
fffe3400390032003100,510.81661639299955
fffe310035003100,686.0192438173981
fffe3800310034003400,129.41020411864213
fffe3500350036003500,20698.199683979954
fffe3600310039003800,315.5082333863392
fffe3800340038003600,1069.7388686100417
fffe3500350037003700,757.0027611088412
fffe3600310032003500,237.0404218692604
fffe310033003200,176.76120709938513
fffe3600310038003100,145.49977337781877
fffe3700360036003100,157.31819787645293
fffe3300340033003400,154.18743008007345
fffe3100380034003200,254.6943095516391
fffe3700340035003300,2076.16199654254
fffe3200390038003300,142.31188681455083
fffe3900360035003700,205.636968992199
fffe3900360037003200,184.57740946950588
fffe3100340037003600,1573.3090432307627
fffe3600370033003800,8494.096974114214
fffe330031003200,287.6033836330089
fffe3800360039003000,1407.2340627310539
fffe3200300037003100,1147.5801183584613
fffe390031003100,2420.3226545906045
fffe3200350031003700,460.43938526696
fffe3100380031003000,235.5914644490253
fffe3200340037003300,57358.43593034452
